43.7-1.62i	25.89	85.63	85.59
38.38-1.418i	42.92	50.91	83.94
28.47-1.043i	25.35	83.18	88.48
22.57-0.9436i	34.55	79.66	68.37
21.31-0.9104i	34.5	42.77	35.66
20.94-0.9894i	9.311	45.86	88.01
15.39-0.5854i	48.8	85.67	86.69
14.68-0.5592i	18.13	83.81	88.41
-14.18+2.388e-06i	44.84	69.45	42.6
13.66-0.5334i	44.29	34.54	68.65
-9.946-0.01203i	52.94	81.14	86.86
8.233-0.3423i	19.14	53.73	74.09
-7.861+2.116e-06i	41.7	64.19	76.56
-7.46+4.433e-06i	34.15	51.4	43.85
-7.412+4.856e-06i	33.95	33.43	62.12
-4.726+1.034e-05i	32.53	64.91	84.1
-4.548-0.03933i	40.8	46.72	61.04
-4.548+0.03383i	51.79	55.65	82.59
-4.316+1.22e-05i	34.91	83.77	88.32
-4.147+4.619e-06i	19.63	84.9	88.22
-3.997+2.124e-06i	29.39	52.49	78.61
-3.437+5.528e-06i	30.71	29.41	30.4
-3.166-0.01692i	32.85	64.28	65.33
-2.849-0.001342i	39.87	59.91	70.16
-2.715+6.585e-06i	43.67	57.58	82.96
-2.597+3.271e-06i	54.6	47.94	66.97
-2.485-0.0003444i	34.67	84.11	85.64
-2.432+3.703e-06i	21.36	60.02	79.71
-2.308+1.08e-05i	21.27	53.95	54.14
-2.195-0.0008631i	15.11	38.03	37.56
-2.173+1.734e-05i	12.28	74.39	74.5
-1.998+0.1681i	9.906	87.33	81.19
-1.998-0.1681i	15.81	76.29	83.43
-2.086+3.312e-07i	26.36	37.08	58.16
-2.043-8.476e-05i	27.34	65.18	86.07
-2.003-2.642e-08i	46.91	21.72	54.32
-2.002+3.516e-07i	19.79	47.67	47.94
-1.7-0.0006994i	15.46	30.56	30.94
-1.791-0.003109i	18.46	80.52	83.58
-1.757+0.0344i	13.13	73.73	86.06
-1.755-0.03335i	18.43	68.59	50.29
-1.756+0.01895i	81.91	79.18	64.53
-1.755-0.01908i	73.39	54.25	54.73
-1.826-0.001629i	31.18	19.64	56.14
-1.849-3.637e-06i	23.84	34.44	51.02
-1.965+2.587e-07i	23.65	68.28	79.53
-1.898-9.462e-07i	20.11	56	53.14
-1.964-2.864e-06i	9.462	75.47	61.13
-1.956-1.102e-06i	19.03	48.37	48.13
-1.955-2.312e-06i	16.84	75.5	74.7
-1.948-5.762e-07i	20.6	52.75	56.73
-1.944-7.121e-06i	23.27	75.48	68.13
-1.939-2.561e-06i	11.47	73.08	82.71
-1.938+2.518e-08i	41.4	48.06	68.87
-1.928+1.174e-08i	19.78	16.73	25.04
-1.928-1.865e-08i	24.35	58.71	73.98
-1.932+2.15e-05i	16.03	51.94	37.49
-1.932-2.172e-05i	30.92	51.11	49.55
-1.614-0.0001421i	22.2	86.87	82.71
-1.577+1.315e-06i	24.33	68.18	75.48
-1.55+1.774e-06i	10.87	78.57	80.12
-1.534-6.542e-07i	21.6	55.38	73.89
-1.535+8.336e-06i	21.19	72.6	74.15
-1.496-4.536e-06i	12.75	66.82	82
-1.484-0.0002525i	19.22	66.1	58.97
-1.48+2.51e-07i	29.19	20.01	36.55
-1.419+3.723e-06i	26.66	81.8	55.88
-1.466-1.66e-05i	23.66	48.3	43.52
-1.467+1.755e-08i	12.53	87.52	77.54
-1.448-1.015e-05i	24.05	63.1	57.54
-1.445+1.711e-07i	37.85	68.3	57.74
-1.436-1.641e-07i	6.298	88.49	81.98
-1.436-1.052e-08i	17.64	31.68	27.13
-1.305-0.004957i	14.64	19.51	26.13
-1.25+6.295e-06i	12.93	35.91	55.07
-1.244-6.775e-05i	18	27.25	23.56
-1.173-0.01154i	17.31	75.27	76.17
-1.173+0.01155i	6.836	28.34	27
-1.17-0.0004992i	7.322	50.39	56.47
-1.131-0.0013i	8.292	89.87	88.72
-1.125+7.553e-05i	5.658	48.11	49.3
-1.123+5.296e-06i	8.55	73.59	71.28
-1.12-1.991e-06i	6.107	65.37	67.76
-1.104-0.0001163i	6.586	66.29	66.44
-1.094+5.74e-06i	6.236	43.64	45.92
-1.049-1.412e-06i	9.776	74.7	78.28
-1.083+8.65e-07i	9.598	82.26	83.22
-1.082-3.6e-05i	9.366	76.78	80.48
-1.055+1.002e-06i	9.416	24.62	36.54
-1.073+6.434e-07i	9.959	65.15	69.16
-1.073-1.429e-06i	7.357	72.11	73.45
-1.061-1.937e-05i	6.912	35.78	33.08
-1.062+2.134e-07i	11.72	72.6	73.81
-1.032+0.00774i	7.505	81.38	79.34
-1.032-0.007725i	22.12	73.28	67.28
-1.057+2.545e-05i	4.688	24.29	27.57
-1.055-1.262e-07i	5.027	74.36	75.52
-1.049+3.845e-08i	5.233	83.65	84.87
-1.045-6.921e-10i	19.52	78.22	80.33
-1.045-1.67e-08i	19.82	42.04	45.22
-0.8799-0.001i	15.48	72.22	65.49
-0.8719+1.919e-05i	25.57	72.2	60.07
-0.843+7.031e-05i	12.42	26.56	30.78
-0.8321-2.213e-05i	10.96	69.87	79.02
-0.8295-0.0004597i	21.66	58.01	45.66
-0.8137+1.492e-07i	8.191	58.46	59.84
-0.8049-1.12e-05i	13.97	66.64	76.25
-0.803+3.33e-07i	8.407	32.43	42.33
-0.7714+7.952e-05i	7.945	78.55	80.17
-0.7639+0.0001137i	15.7	35.86	28.5
-0.7635-7.31e-06i	18.11	25.67	21.94
-0.7563+1.155e-06i	8.575	79.07	81.01
-0.7556+1.731e-09i	43.09	74.44	80.55
-0.6932+0.0007047i	28.07	47.75	21.34
-0.7412-5.347e-06i	8.155	12.79	11.19
-0.7391+1.554e-07i	6.294	88.66	88.74
-0.7331+4.924e-07i	2.556	86.41	88.95
-0.7331+1.057e-08i	13.62	40.79	47.81
-0.6608+4.199e-06i	9.482	45.73	33.74
-0.606-0.0007762i	9.833	75.33	75.95
-0.5965+3.818e-06i	6.195	59.4	63.84
-0.5701+5.292e-05i	15.05	19.13	22.59
-0.5498+1.632e-06i	10.02	16.14	8.807
-0.5132-0.001163i	7.343	77.32	74.52
-0.5021+3.021e-06i	5.519	45.28	51.01
-0.4723+9.559e-05i	5.646	69.67	61.03
-0.4489-0.0008033i	7.269	22.31	16.52
-0.4255-0.0002416i	7.867	81.47	82.87
-0.4206+3.624e-06i	7.615	9.762	4.951
-0.4081+1.014e-06i	6.799	54.51	47.15
-0.3846+2.909e-05i	8.618	75.45	76.86
-0.3578+6.624e-06i	5.09	25.21	28.51
-0.3569-0.0003385i	4.786	78.21	79.64
-0.3487+1.097e-05i	78.55	77.52	76.17
-0.3423-0.0004908i	75.16	78.79	45.97
-0.3305-0.000315i	3.924	78.61	76.92
-0.3117+8.655e-06i	3.754	74.74	76.38
-0.3082+1.138e-05i	4.159	78.29	77.55
-0.3014-0.0001675i	4.849	82.83	79.86
-0.2828-0.0001134i	3.199	9.037	9.808
-0.2826+3.412e-06i	3.134	53.01	51.41
-0.2695+0.0003476i	3.739	84.31	86.07
-0.2593-0.0001916i	2.649	82.69	84.72
-0.2586+1.613e-06i	5.772	69.61	74.15
-0.2573-8.624e-06i	9.726	50.93	46.16
-0.2561+1.712e-05i	4.639	7.895	8.258
-0.2492-1.088e-05i	4.289	34.21	34.63
-0.2439+2.654e-06i	3.867	61.86	62.47
-0.2407+0.0001438i	3.453	81.35	77.79
-0.24+9.665e-06i	2.886	80.82	86.21
-0.2384+4.866e-06i	7.435	56.54	52.5
-0.2343+6.324e-06i	5.486	80.88	75.36
-0.2274+0.00562i	4.147	74.46	75.02
-0.2261-0.005513i	3.456	55.27	58.21
-0.2286+2.16e-06i	3.214	61.48	62.08
-0.2256-0.0002408i	3.512	84.91	83.33
-0.2187-0.0001342i	2.564	47.9	49.15
-0.2188+5.074e-05i	2.711	54.46	55.88
-0.22-0.0001797i	2.247	66.19	71.29
-0.2125+1.586e-06i	4.922	38.76	36.07
-0.001098+8.115e-06i	5.009	46.57	45.75
-0.0006322+1.407e-06i	4.793	62.69	63.89
0.0001407+1.625e-06i	3.633	45.73	43.95
4.222e-05+7.402e-07i	3.255	71.36	72.34
-0.211+1.755e-06i	3.033	78.3	80.5
-0.205+3.232e-05i	4.695	86.95	88.72
-0.2043+7.632e-06i	4.333	19.48	18.44
-0.2032+4.965e-09i	5.296	76.56	82.14
-0.2018+2.93e-06i	3.867	30.23	29.21
-0.201+1.916e-06i	2.246	89.43	89.69
-0.1962+3.858e-06i	3.597	16.26	13.69
-0.1918+6.962e-06i	1.418	44.97	43.15
-0.1917-9.182e-06i	5.146	72.5	71.92
-0.1886-5.541e-06i	5.268	72.94	79.46
-0.1881+3.358e-07i	6.597	28.27	26.9
-0.1875+1.982e-06i	4.534	16.88	17.93
-0.1874+1.743e-05i	5.266	73.29	77
-0.1866+2.53e-06i	3.901	21.95	31.64
-0.1832+4.723e-07i	8.34	69.52	65.49
-0.1831+2.515e-06i	8.619	23.89	26.91
-0.182-1.48e-07i	5.273	25.59	23.67
-0.1805-4.041e-05i	4.527	27.23	33.48
-0.1805+2.089e-05i	4.495	71.58	72.39
-0.1664+7.203e-07i	2.914	21.24	23.05
-0.1634+0.001632i	3.044	75.49	78.65
-0.1634-0.001634i	3.557	86.47	87.57
-0.1617-8.841e-06i	3.311	25.68	27.28
-0.162-4.767e-06i	7.576	71.32	32.9
-0.1683-6.289e-06i	33.27	84.49	82.49
-0.177-9.034e-06i	10.08	40.66	50.86
-0.1767+1.859e-07i	2.94	60.59	62.12
-0.1764-1.181e-05i	2.291	55.76	52.72
-0.1723+6.12e-06i	4.952	75.22	74.06
-0.1755+6.348e-07i	3.672	63.93	64.25
-0.1742-2.568e-05i	3.065	61.47	63.7
-0.1739+1.562e-07i	2.015	70.22	70.52
-0.1738+1.393e-07i	3.122	29.74	27.46
-0.1207-1.115e-05i	2.958	55.04	56.85
-0.1217+2.467e-06i	1.63	83.17	83.63
-0.1237+6.174e-07i	1.402	87.26	86.43
-0.1603-9.569e-06i	3.156	76.01	72.26
-0.16-2.033e-09i	3.689	84.08	79.83
-0.1583-3.632e-06i	2.885	64.43	65.54
-0.1559+6.178e-06i	2.016	85.45	85.09
-0.1548+3.069e-07i	2.179	89.37	88.61
-0.154-0.0009843i	3.993	35.85	35
-0.154+0.0009885i	3.551	83.05	87.81
-0.1469+1.955e-06i	5.145	85.4	83.73
-0.1513+1.424e-06i	11.07	13.77	17.58
-0.1514+1.256e-06i	13.74	39.7	35.7
-0.1524-8.902e-05i	16.94	71.26	80.06
-0.1525+9.78e-05i	3.888	78.67	81.31
-0.1444-1.488e-06i	2.439	3.607	2.212
-0.1268-5.497e-07i	1.532	82.03	81.78
-0.1285-2.519e-05i	2.316	86.61	84.72
-0.14+3.913e-06i	3.752	71.11	74.68
-0.1392-4.833e-06i	3.054	83.73	76.45
-0.1364-2.938e-05i	6.787	83.61	84.12
-0.1374-0.0001115i	4.605	46.45	39.84
-0.1374+0.0001201i	3.423	70.39	77.17
-0.1335+2.193e-05i	6.797	51.56	56.3
-0.1329+1.047e-06i	3.432	31.45	33.67
-0.1327+3.057e-06i	1.522	41.67	39.12
-0.1178+5.15e-06i	2.102	66.12	67.1
-0.1162-6.688e-07i	3.631	49.91	53.24
-0.1146-7.262e-06i	3.396	79.77	85.14
-0.1129+7.213e-06i	8.127	24.75	18.05
-0.1135-1.826e-05i	1.183	22.16	21.9
-0.1134+4.485e-06i	1.039	27.35	27.38
-0.1139+2.656e-06i	1.015	79.7	80.38
-0.1075+9.276e-06i	1.637	69.24	67.05
-0.1002+1.414e-06i	3.564	60.76	56.63
-0.101+2.177e-06i	1.753	82.2	81.79
-0.1006-1.765e-07i	1.824	73.66	76.3
-0.1062+4.132e-06i	2.754	85.46	84.33
-0.1057+2.486e-05i	1.864	86.02	86.88
-0.1045-3.965e-06i	8.831	31.55	38.89
-0.1051-6.225e-08i	2.884	50.27	42.62
-0.1049-3.886e-06i	7.943	72.09	69.92
-0.09727+7.147e-06i	4.707	75.31	80.34
-0.08576+2.611e-06i	21.02	35.43	24.76
-0.09419+7.132e-06i	21.93	50.3	60.2
-0.09409-1.341e-05i	2.187	47.19	45.87
-0.09285-1.344e-05i	2.29	74.82	74.09
-0.08771+6.503e-06i	2.002	57.39	54.71
-0.09105+2.1e-06i	2.866	89.76	88.02
-0.09091+1.505e-05i	2.767	14.08	11.53
-0.09064-8.737e-07i	1.724	83.39	86.61
-0.08887+3.4e-06i	4.945	12.83	13.04
-0.08983-7.384e-08i	5.128	48.27	47.58
-0.08926+2.378e-06i	2.513	50.17	51.37
-0.08315-8.875e-07i	2.596	63.46	63.58
-0.08249+1.226e-05i	2.443	48.89	48.45
-0.08173+2.237e-06i	3.096	39.83	39.32
-0.07943+2.257e-06i	3.178	31.63	31.41
-0.07847+6.364e-06i	6.034	15.06	18.71
-0.07789+0.0001989i	3.834	55.57	54.58
-0.07789-0.0001758i	2.899	13.13	12.25
-0.07578+8.066e-06i	3.941	60.55	64.74
-0.07475+9.616e-06i	4.939	40.81	39.32
-0.07366-3.277e-06i	4.232	74.37	74.62
-0.07325+3.302e-06i	1.471	76.09	76.52
-0.0692+3.835e-05i	1.802	59.04	60.88
-0.07248+2.103e-06i	1.993	79.16	74.76
-0.0718+3.171e-06i	7.955	35.68	38.67
-0.07158+3.135e-06i	2.97	76.78	73.34
-0.06965-4.842e-06i	5.535	56.21	57.7
-0.07036+8.8e-07i	2.873	34.78	47.04
-0.07042+1.183e-05i	15.22	72.35	78.21
-0.001021-2.38e-06i	6.724	84.06	89.15
-0.06783-8.536e-06i	10.49	83.19	84.55
-0.06701+5.101e-06i	2.459	6.34	4.959
-0.05841-8.843e-07i	3.076	76.93	74.77
-0.05883+8.096e-07i	6.272	62.45	61
-0.0591+1.419e-05i	13.39	22.18	32.8
-0.06629-4.25e-07i	5.044	81.26	79.55
-0.06608+3.436e-06i	2.177	13.3	19.17
-0.06052+6.391e-06i	12	64.7	48.44
-0.06081-1.545e-06i	13.07	19.41	17.98
-0.06572-1.176e-06i	14.63	37.8	22.32
-0.06524+4.034e-05i	8.993	74.25	76.64
-0.06508+5.863e-06i	2.09	1.663	3.119
-0.06461-1.484e-06i	1.852	87.48	86.95
-0.06289-0.0005926i	1.288	78.53	78.78
-0.06398+7.958e-07i	3.071	32.86	35.25
-0.06386+5.68e-06i	3.215	80.01	75.1
-0.0636-8.847e-07i	6.791	30.64	45.78
-0.06289+0.0006127i	10.62	23.81	23.93
-0.06221-3.929e-06i	7.646	77.57	75.73
-0.06245+9.691e-06i	1.725	86.56	88.07
-0.0003962+6.961e-07i	1.782	84.29	85.02
-0.001295+3.739e-06i	4.03	8.243	6.672
-0.05697+0.0009778i	1.852	81.74	82.02
-0.0569-0.0008531i	2.107	38.47	40.3
-0.05719+2.182e-05i	2.371	30	31.47
-0.05629+0.0004644i	1.001	33.23	34.15
-0.05628-0.0004181i	0.9685	78.84	78.56
-0.05564+6.574e-07i	3.368	55.99	57.2
-0.05383+4.463e-05i	4.361	81.71	78.31
-0.05216-2.131e-05i	2.673	35.74	39.09
-0.05121-4.07e-06i	5.445	14.03	17.98
-0.04971+0.0005685i	3.175	65.27	65.83
-0.04968-0.0005844i	1.007	66.79	67.12
-0.04994-2.118e-05i	1.998	40.33	40.98
-0.04928+8.004e-08i	2.28	81.04	81.03
-0.0495+0.0001074i	2.205	30.05	29.95
-0.04951-0.000103i	1.133	44.76	41.03
-0.0481+2.225e-05i	3.624	35.47	37.37
-0.04716+2.412e-06i	1.04	67.72	67.3
-0.04633-1.78e-05i	0.6731	14.2	12.43
-0.04525-2.163e-06i	2.146	76.89	76.67
-0.04505+7.136e-06i	1.022	37.63	36.85
-0.04449-6.499e-06i	0.9193	88.07	88.72
-0.04392+4.795e-06i	1.029	81.3	81.01
-0.001588+4.145e-06i	0.598	45.42	45.74
-0.00202+1.311e-05i	0.7102	21.88	22.17
-0.002176-4.138e-06i	0.5345	88.67	88.55
-0.002708+5.114e-05i	3.36	10.06	13.04
-0.002309+2.603e-05i	0.5486	88.59	88.39
-0.003372+7.563e-06i	0.5576	89.06	88.97
-0.002952-8.709e-05i	1.072	87.85	88.89
-0.002875+6.402e-05i	1.647	86.71	87.64
-0.002973+9.448e-05i	0.7205	86.75	86.28
-0.003035-1.067e-05i	0.5315	83.82	83.88
-0.003321+4.314e-05i	0.8385	89.47	89.48
-0.04291+5.278e-06i	0.5593	51.5	51.97
-0.04225-3.903e-06i	0.8777	84.52	84.15
-0.04173+4.193e-05i	0.3638	50.69	50.1
-0.04169-3.612e-05i	0.7521	77.55	77.34
-0.04089+1.105e-05i	0.5704	27.49	28.85
-0.04003+7.513e-06i	1.436	80.94	81.92
-0.03891+0.0009874i	1.186	67.15	66.66
-0.03885-0.0009169i	0.8113	87.91	87.81
-0.03829+1.1e-05i	19.49	66.48	83.87
-0.03896-1.838e-07i	12.39	14.37	12.55
-0.03857-3.128e-06i	0.7073	72.31	71.87
-0.03884+2.661e-06i	1.082	35.36	35.8
-0.00358+3.514e-05i	2.866	28.36	28.33
-0.003807+4.567e-05i	2.859	70.7	68.14
-0.004026+4.846e-05i	1.237	3.177	7.335
-0.004474-0.0001292i	3.06	41.74	39.98
-0.004476+0.000156i	1.512	71.02	69.56
-0.004589+5.777e-05i	1.365	26.41	26.6
-0.005378-5.269e-06i	1.395	40.29	39.44
-0.005115+3.957e-05i	0.363	33.96	34.34
-0.0048+3.358e-05i	0.7343	8.842	8.132
-0.004942+3.582e-05i	0.2368	54.67	55.75
-0.004905+4.962e-06i	1.23	52.91	52.3
-0.03729+4.425e-06i	0.4386	12.95	12.57
-0.03691+5.61e-05i	0.5227	84.47	84.39
-0.03683-5.335e-05i	0.8585	28.52	29.74
-0.03616+6.958e-06i	0.8548	88.16	88.87
-0.03591-3.346e-06i	23.99	23.68	24.08
-0.03575-1.053e-05i	25.51	51.57	66.49
-0.03549+8.322e-06i	15.81	29.5	27.61
-0.03268-0.0001325i	38.99	48.85	36.09
-0.03267+0.0001393i	26.25	80.38	72.03
-0.03256+1.399e-06i	4.558	11.25	9.494
-0.03401-2.241e-05i	3.634	48.73	43.54
-0.03392+2.488e-05i	4.428	53.65	56.06
-0.03195+1.619e-05i	1.993	56.79	57.71
-0.03335+7.19e-06i	0.8757	4.291	4.241
-0.03374-1.22e-06i	0.7016	59.91	59.93
-0.005671-8.498e-05i	1.261	27.77	26.22
-0.005674+9.879e-05i	2.309	67.49	67.64
-0.005922+5.252e-05i	1.307	35.26	35.77
-0.006424+4.791e-05i	1.227	38.69	37.84
-0.006178+4.039e-05i	2.988	54.63	62.57
-0.006467-1.153e-05i	5.13	12.83	7.086
-0.006984-0.0001808i	5.6	30.7	29.49
-0.007545+4.13e-05i	3.204	67.62	66.41
-0.006985+0.0001889i	0.5684	49.22	49.27
-0.006865+6.419e-05i	0.7373	62.35	63.13
-0.006806+4.581e-05i	0.8622	70.22	71.01
-0.03058-1.555e-05i	0.9545	12.05	10.99
-0.007923+5.166e-05i	0.4169	86.89	86.57
-0.007974+4.104e-05i	0.1287	88.88	88.84
-0.00871+0.0002574i	0.4192	88.97	89.32
-0.008579+4.732e-05i	2.796	3.506	3.871
-0.008724-0.0002106i	4.468	86.42	89.4
-0.03043-1.202e-05i	0.8612	88.36	88.82
-0.02955+1.188e-05i	0.9035	47.89	49.96
-0.009217+3.923e-05i	2.241	39.87	38.01
-0.02846-6.11e-05i	4.066	82.45	86.26
-0.02765+7.941e-07i	0.3115	27.31	24.66
-0.02681+1.962e-05i	2.825	80.37	81.33
-0.02412+6.67e-05i	0.6813	38.84	40.08
-0.02357+0.0002806i	3.877	28.2	30.02
-0.02254+0.001177i	2.122	82.02	79.55
-0.02359-0.0002221i	0.8882	80.57	80.99
-0.02247-0.001051i	1.328	69.41	70.02
-0.02001+0.001149i	0.7116	67.72	67.33
-0.01994-0.001107i	0.2676	30.42	30.36
-0.01732-0.0002397i	0.3739	10.91	10.9
-0.01736+0.0002484i	0.3666	30.46	30.04
-0.01762+6.479e-06i	0.3987	11.46	11.55
-0.01901+0.0004332i	0.322	27.85	27.69
-0.01865+2.088e-05i	0.4496	24.18	24.06
-0.01901-0.0003695i	0.4807	34.42	34.14
-0.02253+0.0002463i	0.3772	62.14	61.81
-0.02101-1.066e-07i	0.6836	88.42	86.06
-0.02144+0.0001221i	50	45.18	49.83
-0.02138-0.000204i	40.01	46.26	69.16
-0.02251-0.0002328i	20.37	5.752	46.12
-0.008703+1.524e-05i	20.1	83.98	68.9
-0.01278+0.001178i	3.563	73.74	75.75
-0.01269-0.001113i	3.92	81.41	84.75
-0.009928+0.0002297i	0.4937	77.38	77.22
-0.009863-0.0002158i	0.281	44.54	43.01
-0.00961-7.632e-06i	1.931	53.26	53.09
-0.01033+0.0002898i	1.807	39.44	39.98
-0.03028+1.19e-05i	1.277	36.65	38.09
-0.03021+5.992e-06i	0.6863	74.59	74.43
-0.02915+1.553e-05i	0.5741	7.996	8.356
-0.02845+5.775e-05i	0.3212	85.75	85.73
-0.01915+1.037e-05i	0.4197	83.9	84.07
-0.01984+5.676e-05i	0.3301	73.72	73.67
-0.02278+1.954e-05i	0.3026	86.06	86.07
-0.02567-0.0002019i	0.3157	41.05	41.16
-0.02568+0.0002383i	0.1495	20.05	19.24
-0.02787-2.621e-06i	0.8028	58.81	58.81
-0.02927-4.777e-06i	0.1559	43.34	43.24
-0.02551+1.368e-05i	0.2253	44.88	45.04
-0.02623-6.093e-05i	0.2593	63.84	63.84
-0.02621+7.489e-05i	0.2888	62.55	62.79
-0.02619+6.024e-06i	0.4723	85.68	85.2
-0.01617+7.908e-05i	0.1409	81.55	81.31
-0.01613-6.631e-05i	0.3319	28.75	28.87
-0.01528+1.514e-05i	0.2454	68.99	68.84
-0.01481+1.545e-05i	0.2432	34.18	34.33
-0.0103-0.0002735i	0.2235	85.94	85.89
-0.01036+9.523e-06i	0.1985	67.42	67.49
-0.01415-2.246e-05i	0.2214	18.53	18.74
-0.0108+2.999e-05i	0.2485	73.42	73.25
-0.01371+1.832e-05i	0.2216	77.71	77.64
-0.01113-2.285e-06i	0.1632	11.14	11.41
-0.0112+2.968e-05i	0.1889	89.03	88.93
-0.01164-0.0001036i	0.1206	89.78	89.78
-0.01341+0.0002199i	0.06306	89.71	89.72
-0.0117+0.0001243i	0.05845	89.98	89.98
-0.01336-0.0001666i	0.0433	89.86	89.86
-0.01173+4.565e-05i	0.04981	89.34	89.35
-0.01326+1.663e-05i	0.09214	59.47	59.67
-0.01256+2.877e-05i	0.1213	86.66	86.7
-0.01272+7.777e-05i	0.2123	43.28	43.32
-0.01294-4.148e-05i	0.2293	55.93	56.14
-0.01496+1.554e-05i	0.06542	88.15	88.14
-0.01588+0.0001149i	0.05597	76	75.98
-0.01587-9.488e-05i	0.117	60.96	60.76
-0.01591-4.572e-06i	0.09518	0	0
