  500 8.484748e-01 1.828280e+00
  501 8.277208e-01 1.839044e+00
  502 8.073588e-01 1.850617e+00
  503 7.874141e-01 1.862934e+00
  504 7.679125e-01 1.875929e+00
  505 7.488794e-01 1.889538e+00
  506 7.303404e-01 1.903697e+00
  507 7.123209e-01 1.918340e+00
  508 6.948466e-01 1.933402e+00
  509 6.779429e-01 1.948819e+00
  510 6.616355e-01 1.964526e+00
  511 6.459420e-01 1.980464e+00
  512 6.308486e-01 1.996601e+00
  513 6.163340e-01 2.012910e+00
  514 6.023765e-01 2.029367e+00
  515 5.889546e-01 2.045944e+00
  516 5.760469e-01 2.062617e+00
  517 5.636318e-01 2.079358e+00
  518 5.516877e-01 2.096142e+00
  519 5.401932e-01 2.112944e+00
  520 5.291266e-01 2.129736e+00
  521 5.184674e-01 2.146497e+00
  522 5.081977e-01 2.163218e+00
  523 4.983008e-01 2.179894e+00
  524 4.887598e-01 2.196522e+00
  525 4.795577e-01 2.213095e+00
  526 4.706777e-01 2.229610e+00
  527 4.621029e-01 2.246062e+00
  528 4.538165e-01 2.262446e+00
  529 4.458015e-01 2.278757e+00
  530 4.380411e-01 2.294990e+00
  531 4.305202e-01 2.311141e+00
  532 4.232307e-01 2.327203e+00
  533 4.161666e-01 2.343169e+00
  534 4.093214e-01 2.359032e+00
  535 4.026891e-01 2.374785e+00
  536 3.962634e-01 2.390422e+00
  537 3.900380e-01 2.405935e+00
  538 3.840068e-01 2.421318e+00
  539 3.781636e-01 2.436563e+00
  540 3.725021e-01 2.451664e+00
  541 3.670154e-01 2.466618e+00
  542 3.616946e-01 2.481438e+00
  543 3.565298e-01 2.496140e+00
  544 3.515114e-01 2.510741e+00
  545 3.466297e-01 2.525258e+00
  546 3.418749e-01 2.539706e+00
  547 3.372373e-01 2.554104e+00
  548 3.327073e-01 2.568468e+00
  549 3.282751e-01 2.582813e+00
  550 3.239310e-01 2.597158e+00
  551 3.196670e-01 2.611514e+00
  552 3.154823e-01 2.625870e+00
  553 3.113777e-01 2.640212e+00
  554 3.073541e-01 2.654526e+00
  555 3.034123e-01 2.668796e+00
  556 2.995531e-01 2.683008e+00
  557 2.957775e-01 2.697147e+00
  558 2.920862e-01 2.711198e+00
  559 2.884802e-01 2.725147e+00
  560 2.849603e-01 2.738978e+00
  561 2.815267e-01 2.752682e+00
  562 2.781771e-01 2.766264e+00
  563 2.749089e-01 2.779736e+00
  564 2.717191e-01 2.793108e+00
  565 2.686049e-01 2.806392e+00
  566 2.655636e-01 2.819597e+00
  567 2.625921e-01 2.832735e+00
  568 2.596878e-01 2.845817e+00
  569 2.568478e-01 2.858853e+00
  570 2.540692e-01 2.871855e+00
  571 2.513492e-01 2.884830e+00
  572 2.486843e-01 2.897774e+00
  573 2.460712e-01 2.910683e+00
  574 2.435063e-01 2.923549e+00
  575 2.409862e-01 2.936367e+00
  576 2.385075e-01 2.949131e+00
  577 2.360666e-01 2.961834e+00
  578 2.336602e-01 2.974470e+00
  579 2.312847e-01 2.987034e+00
  580 2.289367e-01 2.999519e+00
  581 2.266137e-01 3.011921e+00
  582 2.243168e-01 3.024248e+00
  583 2.220480e-01 3.036510e+00
  584 2.198093e-01 3.048717e+00
  585 2.176027e-01 3.060878e+00
  586 2.154302e-01 3.073004e+00
  587 2.132939e-01 3.085103e+00
  588 2.111958e-01 3.097187e+00
  589 2.091379e-01 3.109264e+00
  590 2.071222e-01 3.121346e+00
  591 2.051498e-01 3.133438e+00
  592 2.032180e-01 3.145536e+00
  593 2.013232e-01 3.157634e+00
  594 1.994617e-01 3.169725e+00
  595 1.976300e-01 3.181800e+00
  596 1.958243e-01 3.193853e+00
  597 1.940410e-01 3.205877e+00
  598 1.922766e-01 3.217865e+00
  599 1.905273e-01 3.229810e+00
  600 1.887896e-01 3.241703e+00
  601 1.870613e-01 3.253540e+00
  602 1.853462e-01 3.265315e+00
  603 1.836494e-01 3.277024e+00
  604 1.819762e-01 3.288661e+00
  605 1.803319e-01 3.300224e+00
  606 1.787217e-01 3.311707e+00
  607 1.771507e-01 3.323107e+00
  608 1.756243e-01 3.334418e+00
  609 1.741477e-01 3.345637e+00
  610 1.727261e-01 3.356759e+00
  611 1.713621e-01 3.367784e+00
  612 1.700479e-01 3.378727e+00
  613 1.687730e-01 3.389608e+00
  614 1.675270e-01 3.400445e+00
  615 1.662994e-01 3.411258e+00
  616 1.650798e-01 3.422066e+00
  617 1.638577e-01 3.432888e+00
  618 1.626226e-01 3.443744e+00
  619 1.613641e-01 3.454653e+00
  620 1.600717e-01 3.465635e+00
  621 1.587384e-01 3.476701e+00
  622 1.573706e-01 3.487843e+00
  623 1.559782e-01 3.499042e+00
  624 1.545709e-01 3.510281e+00
  625 1.531587e-01 3.521545e+00
  626 1.517514e-01 3.532815e+00
  627 1.503589e-01 3.544076e+00
  628 1.489909e-01 3.555309e+00
  629 1.476573e-01 3.566499e+00
  630 1.463679e-01 3.577628e+00
  631 1.451300e-01 3.588684e+00
  632 1.439401e-01 3.599669e+00
  633 1.427921e-01 3.610593e+00
  634 1.416800e-01 3.621462e+00
  635 1.405975e-01 3.632284e+00
  636 1.395387e-01 3.643067e+00
  637 1.384974e-01 3.653819e+00
  638 1.374675e-01 3.664548e+00
  639 1.364430e-01 3.675260e+00
  640 1.354177e-01 3.685965e+00
  641 1.343873e-01 3.696667e+00
  642 1.333543e-01 3.707365e+00
  643 1.323228e-01 3.718055e+00
  644 1.312971e-01 3.728733e+00
  645 1.302814e-01 3.739395e+00
  646 1.292798e-01 3.750037e+00
  647 1.282967e-01 3.760655e+00
  648 1.273361e-01 3.771246e+00
  649 1.264023e-01 3.781804e+00
  650 1.254994e-01 3.792328e+00
  651 1.246305e-01 3.802813e+00
  652 1.237934e-01 3.813263e+00
  653 1.229847e-01 3.823683e+00
  654 1.222010e-01 3.834077e+00
  655 1.214388e-01 3.844448e+00
  656 1.206948e-01 3.854803e+00
  657 1.199655e-01 3.865145e+00
  658 1.192476e-01 3.875478e+00
  659 1.185376e-01 3.885807e+00
  660 1.178321e-01 3.896137e+00
  661 1.171286e-01 3.906471e+00
  662 1.164279e-01 3.916809e+00
  663 1.157315e-01 3.927149e+00
  664 1.150412e-01 3.937492e+00
  665 1.143586e-01 3.947836e+00
  666 1.136852e-01 3.958181e+00
  667 1.130228e-01 3.968525e+00
  668 1.123730e-01 3.978867e+00
  669 1.117374e-01 3.989207e+00
  670 1.111177e-01 3.999543e+00
  671 1.105150e-01 4.009876e+00
  672 1.099290e-01 4.020204e+00
  673 1.093589e-01 4.030529e+00
  674 1.088039e-01 4.040850e+00
  675 1.082631e-01 4.051167e+00
  676 1.077358e-01 4.061481e+00
  677 1.072211e-01 4.071791e+00
  678 1.067183e-01 4.082098e+00
  679 1.062265e-01 4.092403e+00
  680 1.057449e-01 4.102704e+00
  681 1.052729e-01 4.113003e+00
  682 1.048107e-01 4.123295e+00
  683 1.043587e-01 4.133578e+00
  684 1.039171e-01 4.143849e+00
  685 1.034865e-01 4.154104e+00
  686 1.030671e-01 4.164341e+00
  687 1.026593e-01 4.174555e+00
  688 1.022635e-01 4.184744e+00
  689 1.018800e-01 4.194905e+00
  690 1.015093e-01 4.205033e+00
  691 1.011517e-01 4.215128e+00
  692 1.008076e-01 4.225192e+00
  693 1.004777e-01 4.235229e+00
  694 1.001625e-01 4.245243e+00
  695 9.986242e-02 4.255239e+00
  696 9.957804e-02 4.265220e+00
  697 9.930987e-02 4.275191e+00
  698 9.905844e-02 4.285155e+00
  699 9.882428e-02 4.295117e+00
  700 9.860790e-02 4.305081e+00
  701 9.841008e-02 4.315049e+00
  702 9.823261e-02 4.325015e+00
  703 9.807753e-02 4.334973e+00
  704 9.794687e-02 4.344914e+00
  705 9.784269e-02 4.354832e+00
  706 9.776702e-02 4.364720e+00
  707 9.772190e-02 4.374568e+00
  708 9.770938e-02 4.384372e+00
  709 9.773149e-02 4.394122e+00
  710 9.779027e-02 4.403812e+00
  711 9.788555e-02 4.413438e+00
  712 9.800826e-02 4.423010e+00
  713 9.814711e-02 4.432540e+00
  714 9.829083e-02 4.442041e+00
  715 9.842813e-02 4.451528e+00
  716 9.854771e-02 4.461012e+00
  717 9.863830e-02 4.470508e+00
  718 9.868862e-02 4.480027e+00
  719 9.868737e-02 4.489584e+00
  720 9.862327e-02 4.499192e+00
  721 9.848990e-02 4.508857e+00
  722 9.830028e-02 4.518569e+00
  723 9.807228e-02 4.528309e+00
  724 9.782379e-02 4.538060e+00
  725 9.757268e-02 4.547803e+00
  726 9.733684e-02 4.557522e+00
  727 9.713413e-02 4.567199e+00
  728 9.698245e-02 4.576817e+00
  729 9.689967e-02 4.586356e+00
  730 9.690367e-02 4.595801e+00
  731 9.700613e-02 4.605140e+00
  732 9.719402e-02 4.614384e+00
  733 9.744808e-02 4.623554e+00
  734 9.774909e-02 4.632666e+00
  735 9.807778e-02 4.641741e+00
  736 9.841494e-02 4.650797e+00
  737 9.874131e-02 4.659853e+00
  738 9.903766e-02 4.668927e+00
  739 9.928474e-02 4.678038e+00
  740 9.946332e-02 4.687205e+00
  741 9.955944e-02 4.696442e+00
  742 9.958032e-02 4.705741e+00
  743 9.953843e-02 4.715093e+00
  744 9.944628e-02 4.724486e+00
  745 9.931635e-02 4.733909e+00
  746 9.916115e-02 4.743350e+00
  747 9.899316e-02 4.752799e+00
  748 9.882487e-02 4.762244e+00
  749 9.866879e-02 4.771674e+00
  750 9.853740e-02 4.781078e+00
  751 9.844107e-02 4.790446e+00
  752 9.838167e-02 4.799773e+00
  753 9.835897e-02 4.809053e+00
  754 9.837272e-02 4.818283e+00
  755 9.842266e-02 4.827458e+00
  756 9.850855e-02 4.836574e+00
  757 9.863014e-02 4.845626e+00
  758 9.878718e-02 4.854610e+00
  759 9.897944e-02 4.863521e+00
  760 9.920665e-02 4.872355e+00
  761 9.946693e-02 4.881111e+00
  762 9.975184e-02 4.889801e+00
  763 1.000513e-01 4.898442e+00
  764 1.003552e-01 4.907049e+00
  765 1.006534e-01 4.915637e+00
  766 1.009359e-01 4.924224e+00
  767 1.011926e-01 4.932824e+00
  768 1.014133e-01 4.941454e+00
  769 1.015881e-01 4.950129e+00
  770 1.017067e-01 4.958865e+00
  771 1.017629e-01 4.967677e+00
  772 1.017652e-01 4.976573e+00
  773 1.017259e-01 4.985559e+00
  774 1.016571e-01 4.994643e+00
  775 1.015713e-01 5.003830e+00
  776 1.014807e-01 5.013128e+00
  777 1.013974e-01 5.022543e+00
  778 1.013340e-01 5.032083e+00
  779 1.013025e-01 5.041753e+00
  780 1.013152e-01 5.051561e+00
  781 1.013810e-01 5.061502e+00
  782 1.014945e-01 5.071530e+00
  783 1.016471e-01 5.081589e+00
  784 1.018297e-01 5.091621e+00
  785 1.020338e-01 5.101570e+00
  786 1.022505e-01 5.111378e+00
  787 1.024710e-01 5.120990e+00
  788 1.026866e-01 5.130346e+00
  789 1.028884e-01 5.139392e+00
  790 1.030678e-01 5.148070e+00
  791 1.032183e-01 5.156344e+00
  792 1.033440e-01 5.164266e+00
  793 1.034512e-01 5.171909e+00
  794 1.035465e-01 5.179344e+00
  795 1.036362e-01 5.186646e+00
  796 1.037269e-01 5.193885e+00
  797 1.038249e-01 5.201136e+00
  798 1.039366e-01 5.208471e+00
  799 1.040686e-01 5.215962e+00
  800 1.042272e-01 5.223683e+00
  801 1.044162e-01 5.231689e+00
  802 1.046282e-01 5.239971e+00
  803 1.048531e-01 5.248502e+00
  804 1.050807e-01 5.257257e+00
  805 1.053009e-01 5.266210e+00
  806 1.055037e-01 5.275334e+00
  807 1.056789e-01 5.284603e+00
  808 1.058164e-01 5.293992e+00
  809 1.059061e-01 5.303474e+00
  810 1.059378e-01 5.313024e+00
  811 1.059050e-01 5.322615e+00
  812 1.058149e-01 5.332227e+00
  813 1.056786e-01 5.341839e+00
  814 1.055068e-01 5.351431e+00
  815 1.053103e-01 5.360981e+00
  816 1.051001e-01 5.370469e+00
  817 1.048869e-01 5.379875e+00
  818 1.046818e-01 5.389178e+00
  819 1.044954e-01 5.398357e+00
  820 1.043387e-01 5.407392e+00
  821 1.042202e-01 5.416269e+00
  822 1.041396e-01 5.425004e+00
  823 1.040941e-01 5.433619e+00
  824 1.040811e-01 5.442137e+00
  825 1.040979e-01 5.450579e+00
  826 1.041417e-01 5.458968e+00
  827 1.042100e-01 5.467326e+00
  828 1.043001e-01 5.475677e+00
  829 1.044091e-01 5.484041e+00
  830 1.045345e-01 5.492443e+00
  831 1.046745e-01 5.500897e+00
  832 1.048310e-01 5.509394e+00
  833 1.050065e-01 5.517919e+00
  834 1.052040e-01 5.526455e+00
  835 1.054260e-01 5.534988e+00
  836 1.056754e-01 5.543502e+00
  837 1.059549e-01 5.551980e+00
  838 1.062671e-01 5.560407e+00
  839 1.066150e-01 5.568768e+00
  840 1.070011e-01 5.577047e+00
  841 1.074256e-01 5.585235e+00
  842 1.078786e-01 5.593354e+00
  843 1.083474e-01 5.601432e+00
  844 1.088193e-01 5.609499e+00
  845 1.092819e-01 5.617583e+00
  846 1.097225e-01 5.625714e+00
  847 1.101284e-01 5.633918e+00
  848 1.104872e-01 5.642227e+00
  849 1.107861e-01 5.650667e+00
  850 1.110126e-01 5.659269e+00
  851 1.111583e-01 5.668049e+00
  852 1.112318e-01 5.676980e+00
  853 1.112460e-01 5.686023e+00
  854 1.112137e-01 5.695139e+00
  855 1.111478e-01 5.704290e+00
  856 1.110611e-01 5.713436e+00
  857 1.109664e-01 5.722539e+00
  858 1.108767e-01 5.731559e+00
  859 1.108047e-01 5.740458e+00
  860 1.107633e-01 5.749197e+00
  861 1.107625e-01 5.757749e+00
  862 1.108011e-01 5.766131e+00
  863 1.108750e-01 5.774372e+00
  864 1.109801e-01 5.782501e+00
  865 1.111124e-01 5.790549e+00
  866 1.112678e-01 5.798543e+00
  867 1.114422e-01 5.806513e+00
  868 1.116315e-01 5.814488e+00
  869 1.118318e-01 5.822498e+00
  870 1.120388e-01 5.830571e+00
  871 1.122491e-01 5.838728e+00
  872 1.124616e-01 5.846957e+00
  873 1.126757e-01 5.855238e+00
  874 1.128909e-01 5.863551e+00
  875 1.131066e-01 5.871875e+00
  876 1.133222e-01 5.880190e+00
  877 1.135373e-01 5.888476e+00
  878 1.137511e-01 5.896712e+00
  879 1.139632e-01 5.904879e+00
  880 1.141730e-01 5.912955e+00
  881 1.143800e-01 5.920929e+00
  882 1.145834e-01 5.928824e+00
  883 1.147827e-01 5.936671e+00
  884 1.149771e-01 5.944500e+00
  885 1.151661e-01 5.952344e+00
  886 1.153488e-01 5.960233e+00
  887 1.155247e-01 5.968199e+00
  888 1.156930e-01 5.976273e+00
  889 1.158532e-01 5.984485e+00
  890 1.160046e-01 5.992867e+00
  891 1.161463e-01 6.001440e+00
  892 1.162776e-01 6.010179e+00
  893 1.163973e-01 6.019052e+00
  894 1.165045e-01 6.028022e+00
  895 1.165982e-01 6.037057e+00
  896 1.166773e-01 6.046122e+00
  897 1.167409e-01 6.055182e+00
  898 1.167880e-01 6.064204e+00
  899 1.168175e-01 6.073152e+00
  900 1.168285e-01 6.081994e+00
  901 1.168212e-01 6.090701e+00
  902 1.168011e-01 6.099273e+00
  903 1.167751e-01 6.107717e+00
  904 1.167500e-01 6.116040e+00
  905 1.167325e-01 6.124249e+00
  906 1.167294e-01 6.132351e+00
  907 1.167475e-01 6.140352e+00
  908 1.167937e-01 6.148260e+00
  909 1.168746e-01 6.156080e+00
  910 1.169972e-01 6.163821e+00
  911 1.171657e-01 6.171491e+00
  912 1.173741e-01 6.179115e+00
  913 1.176138e-01 6.186718e+00
  914 1.178765e-01 6.194327e+00
  915 1.181536e-01 6.201968e+00
  916 1.184365e-01 6.209667e+00
  917 1.187168e-01 6.217451e+00
  918 1.189860e-01 6.225347e+00
  919 1.192356e-01 6.233379e+00
  920 1.194570e-01 6.241576e+00
  921 1.196442e-01 6.249953e+00
  922 1.198005e-01 6.258487e+00
  923 1.199317e-01 6.267147e+00
  924 1.200437e-01 6.275900e+00
  925 1.201422e-01 6.284713e+00
  926 1.202331e-01 6.293555e+00
  927 1.203221e-01 6.302391e+00
  928 1.204150e-01 6.311191e+00
  929 1.205177e-01 6.319922e+00
  930 1.206358e-01 6.328551e+00
  931 1.207740e-01 6.337054e+00
  932 1.209309e-01 6.345440e+00
  933 1.211040e-01 6.353726e+00
  934 1.212909e-01 6.361930e+00
  935 1.214890e-01 6.370068e+00
  936 1.216958e-01 6.378159e+00
  937 1.219087e-01 6.386218e+00
  938 1.221252e-01 6.394264e+00
  939 1.223428e-01 6.402314e+00
  940 1.225590e-01 6.410384e+00
  941 1.227710e-01 6.418488e+00
  942 1.229761e-01 6.426622e+00
  943 1.231712e-01 6.434777e+00
  944 1.233532e-01 6.442947e+00
  945 1.235192e-01 6.451121e+00
  946 1.236661e-01 6.459294e+00
  947 1.237910e-01 6.467455e+00
  948 1.238907e-01 6.475597e+00
  949 1.239623e-01 6.483713e+00
  950 1.240027e-01 6.491793e+00
  951 1.240109e-01 6.499835e+00
  952 1.239934e-01 6.507856e+00
  953 1.239585e-01 6.515880e+00
  954 1.239147e-01 6.523927e+00
  955 1.238703e-01 6.532022e+00
  956 1.238339e-01 6.540186e+00
  957 1.238138e-01 6.548443e+00
  958 1.238184e-01 6.556814e+00
  959 1.238561e-01 6.565323e+00
  960 1.239354e-01 6.573991e+00
  961 1.240620e-01 6.582831e+00
  962 1.242312e-01 6.591806e+00
  963 1.244358e-01 6.600870e+00
  964 1.246684e-01 6.609976e+00
  965 1.249218e-01 6.619078e+00
  966 1.251886e-01 6.628128e+00
  967 1.254616e-01 6.637080e+00
  968 1.257334e-01 6.645886e+00
  969 1.259967e-01 6.654501e+00
  970 1.262443e-01 6.662878e+00
  971 1.264705e-01 6.670983e+00
  972 1.266767e-01 6.678846e+00
  973 1.268660e-01 6.686507e+00
  974 1.270414e-01 6.694010e+00
  975 1.272061e-01 6.701396e+00
  976 1.273630e-01 6.708707e+00
  977 1.275152e-01 6.715987e+00
  978 1.276659e-01 6.723276e+00
  979 1.278180e-01 6.730618e+00
  980 1.279746e-01 6.738054e+00
  981 1.281384e-01 6.745620e+00
  982 1.283097e-01 6.753317e+00
  983 1.284884e-01 6.761143e+00
  984 1.286745e-01 6.769093e+00
  985 1.288680e-01 6.777162e+00
  986 1.290687e-01 6.785347e+00
  987 1.292766e-01 6.793643e+00
  988 1.294917e-01 6.802046e+00
  989 1.297137e-01 6.810552e+00
  990 1.299428e-01 6.819156e+00
  991 1.301784e-01 6.827849e+00
  992 1.304192e-01 6.836601e+00
  993 1.306632e-01 6.845378e+00
  994 1.309087e-01 6.854143e+00
  995 1.311539e-01 6.862861e+00
  996 1.313970e-01 6.871498e+00
  997 1.316361e-01 6.880019e+00
  998 1.318695e-01 6.888387e+00
  999 1.320953e-01 6.896569e+00
 1000 1.323117e-01 6.904528e+00
 1001 1.325173e-01 6.912244e+00
 1002 1.327121e-01 6.919753e+00
 1003 1.328961e-01 6.927104e+00
 1004 1.330698e-01 6.934346e+00
 1005 1.332333e-01 6.941531e+00
 1006 1.333869e-01 6.948707e+00
 1007 1.335309e-01 6.955923e+00
 1008 1.336655e-01 6.963231e+00
 1009 1.337910e-01 6.970680e+00
 1010 1.339076e-01 6.978319e+00
 1011 1.340164e-01 6.986183e+00
 1012 1.341214e-01 6.994250e+00
 1013 1.342274e-01 7.002483e+00
 1014 1.343392e-01 7.010844e+00
 1015 1.344616e-01 7.019296e+00
 1016 1.345995e-01 7.027801e+00
 1017 1.347575e-01 7.036322e+00
 1018 1.349406e-01 7.044822e+00
 1019 1.351536e-01 7.053264e+00
 1020 1.354011e-01 7.061610e+00
 1021 1.356855e-01 7.069833e+00
 1022 1.359979e-01 7.077945e+00
 1023 1.363271e-01 7.085969e+00
 1024 1.366617e-01 7.093928e+00
 1025 1.369905e-01 7.101844e+00
 1026 1.373020e-01 7.109740e+00
 1027 1.375849e-01 7.117638e+00
 1028 1.378279e-01 7.125562e+00
 1029 1.380196e-01 7.133533e+00
 1030 1.381488e-01 7.141574e+00
 1031 1.382085e-01 7.149700e+00
 1032 1.382095e-01 7.157891e+00
 1033 1.381671e-01 7.166120e+00
 1034 1.380966e-01 7.174360e+00
 1035 1.380132e-01 7.182581e+00
 1036 1.379322e-01 7.190758e+00
 1037 1.378689e-01 7.198863e+00
 1038 1.378385e-01 7.206868e+00
 1039 1.378563e-01 7.214745e+00
 1040 1.379376e-01 7.222467e+00
 1041 1.380913e-01 7.230023e+00
 1042 1.383009e-01 7.237472e+00
 1043 1.385434e-01 7.244888e+00
 1044 1.387962e-01 7.252345e+00
 1045 1.390363e-01 7.259919e+00
 1046 1.392408e-01 7.267683e+00
 1047 1.393870e-01 7.275714e+00
 1048 1.394519e-01 7.284086e+00
 1049 1.394128e-01 7.292873e+00
 1050 1.392467e-01 7.302150e+00
 1051 1.389393e-01 7.311960e+00
 1052 1.385100e-01 7.322220e+00
 1053 1.379870e-01 7.332813e+00
 1054 1.373981e-01 7.343625e+00
 1055 1.367713e-01 7.354540e+00
 1056 1.361347e-01 7.365443e+00
 1057 1.355162e-01 7.376217e+00
 1058 1.349437e-01 7.386748e+00
 1059 1.344454e-01 7.396919e+00
 1060 1.340491e-01 7.406617e+00
 1061 1.337766e-01 7.415754e+00
 1062 1.336254e-01 7.424371e+00
 1063 1.335866e-01 7.432535e+00
 1064 1.336512e-01 7.440316e+00
 1065 1.338105e-01 7.447783e+00
 1066 1.340557e-01 7.455003e+00
 1067 1.343778e-01 7.462047e+00
 1068 1.347681e-01 7.468984e+00
 1069 1.352177e-01 7.475881e+00
 1070 1.357178e-01 7.482808e+00
 1071 1.362583e-01 7.489822e+00
 1072 1.368244e-01 7.496932e+00
 1073 1.374003e-01 7.504133e+00
 1074 1.379699e-01 7.511423e+00
 1075 1.385173e-01 7.518799e+00
 1076 1.390266e-01 7.526256e+00
 1077 1.394818e-01 7.533791e+00
 1078 1.398669e-01 7.541401e+00
 1079 1.401660e-01 7.549082e+00
 1080 1.403631e-01 7.556831e+00
 1081 1.404477e-01 7.564645e+00
 1082 1.404313e-01 7.572518e+00
 1083 1.403307e-01 7.580446e+00
 1084 1.401628e-01 7.588422e+00
 1085 1.399444e-01 7.596443e+00
 1086 1.396924e-01 7.604503e+00
 1087 1.394238e-01 7.612597e+00
 1088 1.391552e-01 7.620719e+00
 1089 1.389037e-01 7.628866e+00
 1090 1.386861e-01 7.637030e+00
 1091 1.385156e-01 7.645210e+00
 1092 1.383907e-01 7.653402e+00
 1093 1.383063e-01 7.661606e+00
 1094 1.382573e-01 7.669823e+00
 1095 1.382385e-01 7.678050e+00
 1096 1.382448e-01 7.686288e+00
 1097 1.382711e-01 7.694537e+00
 1098 1.383123e-01 7.702795e+00
 1099 1.383632e-01 7.711061e+00
 1100 1.384186e-01 7.719337e+00
 1101 1.384749e-01 7.727617e+00
 1102 1.385336e-01 7.735891e+00
 1103 1.385977e-01 7.744141e+00
 1104 1.386700e-01 7.752353e+00
 1105 1.387536e-01 7.760512e+00
 1106 1.388513e-01 7.768601e+00
 1107 1.389662e-01 7.776607e+00
 1108 1.391011e-01 7.784513e+00
 1109 1.392591e-01 7.792304e+00
 1110 1.394429e-01 7.799964e+00
 1111 1.396540e-01 7.807488e+00
 1112 1.398869e-01 7.814899e+00
 1113 1.401344e-01 7.822232e+00
 1114 1.403894e-01 7.829520e+00
 1115 1.406448e-01 7.836798e+00
 1116 1.408934e-01 7.844098e+00
 1117 1.411282e-01 7.851455e+00
 1118 1.413419e-01 7.858903e+00
 1119 1.415275e-01 7.866474e+00
 1120 1.416778e-01 7.874203e+00
 1121 1.417874e-01 7.882117e+00
 1122 1.418572e-01 7.890216e+00
 1123 1.418901e-01 7.898494e+00
 1124 1.418885e-01 7.906946e+00
 1125 1.418553e-01 7.915565e+00
 1126 1.417931e-01 7.924346e+00
 1127 1.417047e-01 7.933283e+00
 1128 1.415926e-01 7.942369e+00
 1129 1.414595e-01 7.951598e+00
 1130 1.413082e-01 7.960965e+00
 1131 1.411422e-01 7.970454e+00
 1132 1.409685e-01 7.980004e+00
 1133 1.407948e-01 7.989549e+00
 1134 1.406289e-01 7.999018e+00
 1135 1.404787e-01 8.008343e+00
 1136 1.403519e-01 8.017454e+00
 1137 1.402564e-01 8.026282e+00
 1138 1.402000e-01 8.034759e+00
 1139 1.401904e-01 8.042816e+00
 1140 1.402356e-01 8.050383e+00
 1141 1.403406e-01 8.057422e+00
 1142 1.405003e-01 8.064020e+00
 1143 1.407070e-01 8.070292e+00
 1144 1.409529e-01 8.076355e+00
 1145 1.412303e-01 8.082327e+00
 1146 1.415314e-01 8.088323e+00
 1147 1.418485e-01 8.094460e+00
 1148 1.421737e-01 8.100856e+00
 1149 1.424994e-01 8.107626e+00
 1150 1.428178e-01 8.114887e+00
 1151 1.431239e-01 8.122718e+00
 1152 1.434242e-01 8.131041e+00
 1153 1.437280e-01 8.139742e+00
 1154 1.440445e-01 8.148703e+00
 1155 1.443830e-01 8.157811e+00
 1156 1.447528e-01 8.166949e+00
 1157 1.451630e-01 8.176002e+00
 1158 1.456230e-01 8.184854e+00
 1159 1.461420e-01 8.193391e+00
 1160 1.467293e-01 8.201496e+00
 1161 1.473885e-01 8.209087e+00
 1162 1.481007e-01 8.216222e+00
 1163 1.488411e-01 8.222988e+00
 1164 1.495852e-01 8.229475e+00
 1165 1.503084e-01 8.235772e+00
 1166 1.509859e-01 8.241970e+00
 1167 1.515933e-01 8.248156e+00
 1168 1.521058e-01 8.254422e+00
 1169 1.524989e-01 8.260856e+00
 1170 1.527478e-01 8.267547e+00
 1171 1.528359e-01 8.274567e+00
 1172 1.527774e-01 8.281917e+00
 1173 1.525946e-01 8.289577e+00
 1174 1.523095e-01 8.297531e+00
 1175 1.519443e-01 8.305760e+00
 1176 1.515213e-01 8.314247e+00
 1177 1.510625e-01 8.322974e+00
 1178 1.505901e-01 8.331923e+00
 1179 1.501263e-01 8.341075e+00
 1180 1.496932e-01 8.350414e+00
 1181 1.493090e-01 8.359914e+00
 1182 1.489757e-01 8.369525e+00
 1183 1.486914e-01 8.379189e+00
 1184 1.484541e-01 8.388850e+00
 1185 1.482618e-01 8.398449e+00
 1186 1.481125e-01 8.407929e+00
 1187 1.480043e-01 8.417232e+00
 1188 1.479352e-01 8.426302e+00
 1189 1.479033e-01 8.435081e+00
 1190 1.479065e-01 8.443511e+00
 1191 1.479428e-01 8.451554e+00
 1192 1.480102e-01 8.459247e+00
 1193 1.481062e-01 8.466648e+00
 1194 1.482287e-01 8.473813e+00
 1195 1.483755e-01 8.480797e+00
 1196 1.485443e-01 8.487659e+00
 1197 1.487329e-01 8.494454e+00
 1198 1.489391e-01 8.501239e+00
 1199 1.491605e-01 8.508071e+00
 1200 1.493951e-01 8.515006e+00
 1201 1.496405e-01 8.522088e+00
 1202 1.498947e-01 8.529312e+00
 1203 1.501554e-01 8.536659e+00
 1204 1.504206e-01 8.544110e+00
 1205 1.506880e-01 8.551649e+00
 1206 1.509556e-01 8.559256e+00
 1207 1.512213e-01 8.566913e+00
 1208 1.514828e-01 8.574601e+00
 1209 1.517380e-01 8.582303e+00
 1210 1.519849e-01 8.590000e+00
 1211 1.522211e-01 8.597678e+00
 1212 1.524440e-01 8.605340e+00
 1213 1.526510e-01 8.612992e+00
 1214 1.528392e-01 8.620641e+00
 1215 1.530061e-01 8.628295e+00
 1216 1.531487e-01 8.635959e+00
 1217 1.532645e-01 8.643642e+00
 1218 1.533507e-01 8.651349e+00
 1219 1.534046e-01 8.659088e+00
 1220 1.534234e-01 8.666864e+00
 1221 1.534071e-01 8.674683e+00
 1222 1.533657e-01 8.682529e+00
 1223 1.533122e-01 8.690388e+00
 1224 1.532593e-01 8.698243e+00
 1225 1.532198e-01 8.706076e+00
 1226 1.532064e-01 8.713872e+00
 1227 1.532321e-01 8.721613e+00
 1228 1.533095e-01 8.729284e+00
 1229 1.534514e-01 8.736868e+00
 1230 1.536707e-01 8.744348e+00
 1231 1.539749e-01 8.751715e+00
 1232 1.543510e-01 8.758992e+00
 1233 1.547806e-01 8.766208e+00
 1234 1.552454e-01 8.773393e+00
 1235 1.557271e-01 8.780578e+00
 1236 1.562074e-01 8.787791e+00
 1237 1.566679e-01 8.795064e+00
 1238 1.570905e-01 8.802425e+00
 1239 1.574567e-01 8.809904e+00
 1240 1.577482e-01 8.817533e+00
 1241 1.579539e-01 8.825332e+00
 1242 1.580912e-01 8.833294e+00
 1243 1.581844e-01 8.841403e+00
 1244 1.582581e-01 8.849644e+00
 1245 1.583369e-01 8.858001e+00
 1246 1.584451e-01 8.866458e+00
 1247 1.586072e-01 8.875001e+00
 1248 1.588478e-01 8.883613e+00
 1249 1.591913e-01 8.892279e+00
 1250 1.596621e-01 8.900983e+00
 1251 1.602737e-01 8.909710e+00
 1252 1.609939e-01 8.918451e+00
 1253 1.617798e-01 8.927194e+00
 1254 1.625881e-01 8.935930e+00
 1255 1.633758e-01 8.944648e+00
 1256 1.640997e-01 8.953339e+00
 1257 1.647166e-01 8.961992e+00
 1258 1.651834e-01 8.970597e+00
 1259 1.654570e-01 8.979144e+00
 1260 1.654942e-01 8.987624e+00
 1261 1.652680e-01 8.996028e+00
 1262 1.648151e-01 9.004358e+00
 1263 1.641885e-01 9.012617e+00
 1264 1.634411e-01 9.020810e+00
 1265 1.626258e-01 9.028939e+00
 1266 1.617955e-01 9.037008e+00
 1267 1.610031e-01 9.045021e+00
 1268 1.603015e-01 9.052981e+00
 1269 1.597436e-01 9.060893e+00
 1270 1.593823e-01 9.068760e+00
 1271 1.592562e-01 9.076585e+00
 1272 1.593462e-01 9.084378e+00
 1273 1.596190e-01 9.092145e+00
 1274 1.600414e-01 9.099896e+00
 1275 1.605799e-01 9.107639e+00
 1276 1.612014e-01 9.115382e+00
 1277 1.618723e-01 9.123133e+00
 1278 1.625595e-01 9.130901e+00
 1279 1.632296e-01 9.138694e+00
 1280 1.638492e-01 9.146521e+00
 1281 1.643913e-01 9.154387e+00
 1282 1.648540e-01 9.162290e+00
 1283 1.652415e-01 9.170224e+00
 1284 1.655582e-01 9.178183e+00
 1285 1.658083e-01 9.186164e+00
 1286 1.659962e-01 9.194160e+00
 1287 1.661261e-01 9.202166e+00
 1288 1.662025e-01 9.210177e+00
 1289 1.662295e-01 9.218187e+00
 1290 1.662116e-01 9.226192e+00
 1291 1.661546e-01 9.234185e+00
 1292 1.660711e-01 9.242155e+00
 1293 1.659754e-01 9.250088e+00
 1294 1.658816e-01 9.257974e+00
 1295 1.658040e-01 9.265799e+00
 1296 1.657568e-01 9.273551e+00
 1297 1.657542e-01 9.281217e+00
 1298 1.658105e-01 9.288786e+00
 1299 1.659399e-01 9.296245e+00
 1300 1.661565e-01 9.303580e+00
 1301 1.664684e-01 9.310786e+00
 1302 1.668593e-01 9.317874e+00
 1303 1.673065e-01 9.324863e+00
 1304 1.677874e-01 9.331769e+00
 1305 1.682794e-01 9.338610e+00
 1306 1.687600e-01 9.345403e+00
 1307 1.692064e-01 9.352167e+00
 1308 1.695962e-01 9.358919e+00
 1309 1.699068e-01 9.365676e+00
 1310 1.701155e-01 9.372456e+00
 1311 1.702079e-01 9.379277e+00
 1312 1.702023e-01 9.386154e+00
 1313 1.701250e-01 9.393105e+00
 1314 1.700025e-01 9.400145e+00
 1315 1.698611e-01 9.407292e+00
 1316 1.697272e-01 9.414562e+00
 1317 1.696273e-01 9.421972e+00
 1318 1.695877e-01 9.429537e+00
 1319 1.696349e-01 9.437275e+00
 1320 1.697952e-01 9.445201e+00
 1321 1.700864e-01 9.453326e+00
 1322 1.704919e-01 9.461627e+00
 1323 1.709862e-01 9.470076e+00
 1324 1.715442e-01 9.478643e+00
 1325 1.721404e-01 9.487301e+00
 1326 1.727496e-01 9.496019e+00
 1327 1.733465e-01 9.504770e+00
 1328 1.739057e-01 9.513524e+00
 1329 1.744019e-01 9.522252e+00
 1330 1.748099e-01 9.530926e+00
 1331 1.751120e-01 9.539521e+00
 1332 1.753216e-01 9.548029e+00
 1333 1.754600e-01 9.556445e+00
 1334 1.755483e-01 9.564765e+00
 1335 1.756075e-01 9.572985e+00
 1336 1.756589e-01 9.581101e+00
 1337 1.757236e-01 9.589109e+00
 1338 1.758228e-01 9.597005e+00
 1339 1.759776e-01 9.604784e+00
 1340 1.762091e-01 9.612442e+00
 1341 1.765308e-01 9.619982e+00
 1342 1.769246e-01 9.627430e+00
 1343 1.773648e-01 9.634817e+00
 1344 1.778258e-01 9.642177e+00
 1345 1.782818e-01 9.649542e+00
 1346 1.787070e-01 9.656945e+00
 1347 1.790757e-01 9.664418e+00
 1348 1.793622e-01 9.671994e+00
 1349 1.795407e-01 9.679704e+00
 1350 1.795856e-01 9.687582e+00
 1351 1.794815e-01 9.695647e+00
 1352 1.792550e-01 9.703864e+00
 1353 1.789432e-01 9.712186e+00
 1354 1.785831e-01 9.720565e+00
 1355 1.782118e-01 9.728953e+00
 1356 1.778663e-01 9.737303e+00
 1357 1.775837e-01 9.745567e+00
 1358 1.774010e-01 9.753697e+00
 1359 1.773552e-01 9.761646e+00
 1360 1.774834e-01 9.769365e+00
 1361 1.778104e-01 9.776824e+00
 1362 1.783124e-01 9.784054e+00
 1363 1.789533e-01 9.791103e+00
 1364 1.796969e-01 9.798017e+00
 1365 1.805072e-01 9.804845e+00
 1366 1.813481e-01 9.811635e+00
 1367 1.821835e-01 9.818433e+00
 1368 1.829772e-01 9.825288e+00
 1369 1.836933e-01 9.832247e+00
 1370 1.842956e-01 9.839358e+00
 1371 1.847581e-01 9.846655e+00
 1372 1.850958e-01 9.854122e+00
 1373 1.853335e-01 9.861728e+00
 1374 1.854963e-01 9.869444e+00
 1375 1.856091e-01 9.877241e+00
 1376 1.856970e-01 9.885088e+00
 1377 1.857847e-01 9.892956e+00
 1378 1.858975e-01 9.900814e+00
 1379 1.860601e-01 9.908634e+00
 1380 1.862977e-01 9.916386e+00
 1381 1.866277e-01 9.924048e+00
 1382 1.870379e-01 9.931633e+00
 1383 1.875084e-01 9.939166e+00
 1384 1.880197e-01 9.946667e+00
 1385 1.885520e-01 9.954159e+00
 1386 1.890855e-01 9.961664e+00
 1387 1.896005e-01 9.969206e+00
 1388 1.900774e-01 9.976805e+00
 1389 1.904963e-01 9.984485e+00
 1390 1.908376e-01 9.992268e+00
 1391 1.910869e-01 1.000017e+01
 1392 1.912519e-01 1.000816e+01
 1393 1.913457e-01 1.001621e+01
 1394 1.913812e-01 1.002429e+01
 1395 1.913716e-01 1.003237e+01
 1396 1.913298e-01 1.004041e+01
 1397 1.912689e-01 1.004838e+01
 1398 1.912020e-01 1.005626e+01
 1399 1.911421e-01 1.006400e+01
 1400 1.911023e-01 1.007157e+01
 1401 1.910953e-01 1.007896e+01
 1402 1.911325e-01 1.008618e+01
 1403 1.912252e-01 1.009326e+01
 1404 1.913844e-01 1.010023e+01
 1405 1.916213e-01 1.010712e+01
 1406 1.919471e-01 1.011396e+01
 1407 1.923729e-01 1.012078e+01
 1408 1.929099e-01 1.012760e+01
 1409 1.935692e-01 1.013446e+01
 1410 1.943619e-01 1.014139e+01
 1411 1.952926e-01 1.014841e+01
 1412 1.963392e-01 1.015557e+01
 1413 1.974728e-01 1.016291e+01
 1414 1.986646e-01 1.017046e+01
 1415 1.998859e-01 1.017827e+01
 1416 2.011078e-01 1.018638e+01
 1417 2.023017e-01 1.019483e+01
 1418 2.034386e-01 1.020366e+01
 1419 2.044898e-01 1.021291e+01
 1420 2.054266e-01 1.022263e+01
 1421 2.062262e-01 1.023282e+01
 1422 2.068910e-01 1.024336e+01
 1423 2.074293e-01 1.025409e+01
 1424 2.078495e-01 1.026485e+01
 1425 2.081601e-01 1.027550e+01
 1426 2.083693e-01 1.028587e+01
 1427 2.084856e-01 1.029581e+01
 1428 2.085174e-01 1.030517e+01
 1429 2.084731e-01 1.031378e+01
 1430 2.083611e-01 1.032150e+01
 1431 2.081910e-01 1.032823e+01
 1432 2.079771e-01 1.033410e+01
 1433 2.077350e-01 1.033934e+01
 1434 2.074803e-01 1.034413e+01
 1435 2.072284e-01 1.034869e+01
 1436 2.069950e-01 1.035321e+01
 1437 2.067956e-01 1.035791e+01
 1438 2.066458e-01 1.036299e+01
 1439 2.065611e-01 1.036865e+01
 1440 2.065571e-01 1.037510e+01
 1441 2.066430e-01 1.038248e+01
 1442 2.068026e-01 1.039068e+01
 1443 2.070137e-01 1.039953e+01
 1444 2.072536e-01 1.040888e+01
 1445 2.075000e-01 1.041854e+01
 1446 2.077305e-01 1.042836e+01
 1447 2.079226e-01 1.043817e+01
 1448 2.080538e-01 1.044779e+01
 1449 2.081017e-01 1.045706e+01
 1450 2.080440e-01 1.046581e+01
 1451 2.078671e-01 1.047394e+01
 1452 2.075940e-01 1.048152e+01
 1453 2.072563e-01 1.048872e+01
 1454 2.068859e-01 1.049567e+01
 1455 2.065146e-01 1.050252e+01
 1456 2.061742e-01 1.050943e+01
 1457 2.058967e-01 1.051653e+01
 1458 2.057136e-01 1.052398e+01
 1459 2.056570e-01 1.053193e+01
 1460 2.057586e-01 1.054051e+01
 1461 2.060401e-01 1.054983e+01
 1462 2.064830e-01 1.055977e+01
 1463 2.070588e-01 1.057018e+01
 1464 2.077387e-01 1.058088e+01
 1465 2.084943e-01 1.059171e+01
 1466 2.092969e-01 1.060251e+01
 1467 2.101180e-01 1.061312e+01
 1468 2.109288e-01 1.062337e+01
 1469 2.117009e-01 1.063310e+01
 1470 2.124056e-01 1.064214e+01
 1471 2.130216e-01 1.065038e+01
 1472 2.135564e-01 1.065789e+01
 1473 2.140250e-01 1.066479e+01
 1474 2.144422e-01 1.067119e+01
 1475 2.148228e-01 1.067722e+01
 1476 2.151817e-01 1.068300e+01
 1477 2.155338e-01 1.068864e+01
 1478 2.158939e-01 1.069426e+01
 1479 2.162769e-01 1.069999e+01
 1480 2.166976e-01 1.070593e+01
 1481 2.171646e-01 1.071219e+01
 1482 2.176609e-01 1.071877e+01
 1483 2.181634e-01 1.072565e+01
 1484 2.186488e-01 1.073281e+01
 1485 2.190939e-01 1.074022e+01
 1486 2.194755e-01 1.074787e+01
 1487 2.197704e-01 1.075574e+01
 1488 2.199553e-01 1.076381e+01
 1489 2.200071e-01 1.077206e+01
 1490 2.199025e-01 1.078046e+01
 1491 2.196285e-01 1.078899e+01
 1492 2.192132e-01 1.079758e+01
 1493 2.186948e-01 1.080615e+01
 1494 2.181118e-01 1.081462e+01
 1495 2.175023e-01 1.082291e+01
 1496 2.169047e-01 1.083094e+01
 1497 2.163572e-01 1.083864e+01
 1498 2.158982e-01 1.084592e+01
 1499 2.155660e-01 1.085271e+01
 1500 2.153987e-01 1.085893e+01
 1501 2.154232e-01 1.086454e+01
 1502 2.156193e-01 1.086965e+01
 1503 2.159554e-01 1.087442e+01
 1504 2.163999e-01 1.087900e+01
 1505 2.169210e-01 1.088356e+01
 1506 2.174872e-01 1.088825e+01
 1507 2.180667e-01 1.089321e+01
 1508 2.186280e-01 1.089862e+01
 1509 2.191393e-01 1.090463e+01
 1510 2.195689e-01 1.091138e+01
 1511 2.198949e-01 1.091899e+01
 1512 2.201335e-01 1.092737e+01
 1513 2.203106e-01 1.093639e+01
 1514 2.204521e-01 1.094591e+01
 1515 2.205840e-01 1.095579e+01
 1516 2.207320e-01 1.096589e+01
 1517 2.209221e-01 1.097609e+01
 1518 2.211803e-01 1.098625e+01
 1519 2.215323e-01 1.099622e+01
 1520 2.220042e-01 1.100588e+01
 1521 2.226133e-01 1.101511e+01
 1522 2.233435e-01 1.102394e+01
 1523 2.241701e-01 1.103242e+01
 1524 2.250686e-01 1.104060e+01
 1525 2.260143e-01 1.104853e+01
 1526 2.269825e-01 1.105626e+01
 1527 2.279488e-01 1.106384e+01
 1528 2.288884e-01 1.107132e+01
 1529 2.297767e-01 1.107874e+01
 1530 2.305891e-01 1.108617e+01
 1531 2.313071e-01 1.109365e+01
 1532 2.319365e-01 1.110120e+01
 1533 2.324891e-01 1.110888e+01
 1534 2.329770e-01 1.111670e+01
 1535 2.334120e-01 1.112469e+01
 1536 2.338061e-01 1.113290e+01
 1537 2.341711e-01 1.114136e+01
 1538 2.345189e-01 1.115009e+01
 1539 2.348615e-01 1.115912e+01
 1540 2.352107e-01 1.116850e+01
 1541 2.355751e-01 1.117822e+01
 1542 2.359492e-01 1.118819e+01
 1543 2.363241e-01 1.119831e+01
 1544 2.366911e-01 1.120844e+01
 1545 2.370413e-01 1.121847e+01
 1546 2.373657e-01 1.122829e+01
 1547 2.376557e-01 1.123778e+01
 1548 2.379023e-01 1.124682e+01
 1549 2.380966e-01 1.125529e+01
 1550 2.382299e-01 1.126307e+01
 1551 2.382957e-01 1.127009e+01
 1552 2.382978e-01 1.127643e+01
 1553 2.382424e-01 1.128221e+01
 1554 2.381355e-01 1.128755e+01
 1555 2.379835e-01 1.129257e+01
 1556 2.377924e-01 1.129739e+01
 1557 2.375686e-01 1.130213e+01
 1558 2.373180e-01 1.130691e+01
 1559 2.370471e-01 1.131185e+01
 1560 2.367618e-01 1.131707e+01
 1561 2.364693e-01 1.132266e+01
 1562 2.361796e-01 1.132860e+01
 1563 2.359036e-01 1.133481e+01
 1564 2.356524e-01 1.134124e+01
 1565 2.354368e-01 1.134783e+01
 1566 2.352677e-01 1.135451e+01
 1567 2.351561e-01 1.136122e+01
 1568 2.351129e-01 1.136790e+01
 1569 2.351490e-01 1.137449e+01
 1570 2.352753e-01 1.138092e+01
 1571 2.354998e-01 1.138716e+01
 1572 2.358178e-01 1.139324e+01
 1573 2.362218e-01 1.139921e+01
 1574 2.367042e-01 1.140514e+01
 1575 2.372574e-01 1.141107e+01
 1576 2.378738e-01 1.141707e+01
 1577 2.385458e-01 1.142319e+01
 1578 2.392657e-01 1.142948e+01
 1579 2.400261e-01 1.143600e+01
 1580 2.408193e-01 1.144281e+01
 1581 2.416350e-01 1.144996e+01
 1582 2.424528e-01 1.145746e+01
 1583 2.432495e-01 1.146532e+01
 1584 2.440020e-01 1.147357e+01
 1585 2.446870e-01 1.148221e+01
 1586 2.452814e-01 1.149125e+01
 1587 2.457621e-01 1.150071e+01
 1588 2.461059e-01 1.151060e+01
 1589 2.462896e-01 1.152094e+01
 1590 2.462901e-01 1.153172e+01
 1591 2.460968e-01 1.154295e+01
 1592 2.457492e-01 1.155452e+01
 1593 2.452992e-01 1.156628e+01
 1594 2.447989e-01 1.157811e+01
 1595 2.443002e-01 1.158988e+01
 1596 2.438553e-01 1.160144e+01
 1597 2.435161e-01 1.161266e+01
 1598 2.433346e-01 1.162342e+01
 1599 2.433629e-01 1.163358e+01
 1600 2.436529e-01 1.164300e+01
 1601 2.442364e-01 1.165159e+01
 1602 2.450641e-01 1.165943e+01
 1603 2.460662e-01 1.166663e+01
 1604 2.471731e-01 1.167331e+01
 1605 2.483152e-01 1.167960e+01
 1606 2.494228e-01 1.168560e+01
 1607 2.504263e-01 1.169143e+01
 1608 2.512560e-01 1.169722e+01
 1609 2.518422e-01 1.170308e+01
 1610 2.521154e-01 1.170912e+01
 1611 2.520323e-01 1.171545e+01
 1612 2.516560e-01 1.172206e+01
 1613 2.510760e-01 1.172895e+01
 1614 2.503817e-01 1.173610e+01
 1615 2.496628e-01 1.174349e+01
 1616 2.490086e-01 1.175110e+01
 1617 2.485087e-01 1.175893e+01
 1618 2.482527e-01 1.176696e+01
 1619 2.483300e-01 1.177517e+01
 1620 2.488301e-01 1.178354e+01
 1621 2.498102e-01 1.179206e+01
 1622 2.511981e-01 1.180067e+01
 1623 2.528895e-01 1.180930e+01
 1624 2.547798e-01 1.181790e+01
 1625 2.567645e-01 1.182639e+01
 1626 2.587392e-01 1.183471e+01
 1627 2.605995e-01 1.184281e+01
 1628 2.622407e-01 1.185061e+01
 1629 2.635585e-01 1.185805e+01
 1630 2.644485e-01 1.186507e+01
 1631 2.648376e-01 1.187164e+01
 1632 2.647797e-01 1.187784e+01
 1633 2.643598e-01 1.188378e+01
 1634 2.636634e-01 1.188959e+01
 1635 2.627757e-01 1.189537e+01
 1636 2.617819e-01 1.190125e+01
 1637 2.607672e-01 1.190733e+01
 1638 2.598170e-01 1.191374e+01
 1639 2.590166e-01 1.192058e+01
 1640 2.584511e-01 1.192798e+01
 1641 2.581872e-01 1.193601e+01
 1642 2.582172e-01 1.194454e+01
 1643 2.585149e-01 1.195341e+01
 1644 2.590539e-01 1.196247e+01
 1645 2.598079e-01 1.197156e+01
 1646 2.607507e-01 1.198050e+01
 1647 2.618558e-01 1.198915e+01
 1648 2.630971e-01 1.199734e+01
 1649 2.644481e-01 1.200491e+01
 1650 2.658827e-01 1.201169e+01
 1651 2.673739e-01 1.201760e+01
 1652 2.688933e-01 1.202281e+01
 1653 2.704115e-01 1.202758e+01
 1654 2.718996e-01 1.203217e+01
 1655 2.733282e-01 1.203681e+01
 1656 2.746684e-01 1.204176e+01
 1657 2.758909e-01 1.204727e+01
 1658 2.769667e-01 1.205360e+01
 1659 2.778665e-01 1.206099e+01
 1660 2.785612e-01 1.206970e+01
 1661 2.790322e-01 1.207987e+01
 1662 2.793020e-01 1.209129e+01
 1663 2.794037e-01 1.210361e+01
 1664 2.793705e-01 1.211650e+01
 1665 2.792354e-01 1.212965e+01
 1666 2.790314e-01 1.214272e+01
 1667 2.787917e-01 1.215537e+01
 1668 2.785493e-01 1.216729e+01
 1669 2.783372e-01 1.217814e+01
 1670 2.781887e-01 1.218759e+01
 1671 2.781301e-01 1.219542e+01
 1672 2.781617e-01 1.220184e+01
 1673 2.782771e-01 1.220717e+01
 1674 2.784701e-01 1.221172e+01
 1675 2.787342e-01 1.221582e+01
 1676 2.790631e-01 1.221976e+01
 1677 2.794506e-01 1.222389e+01
 1678 2.798901e-01 1.222850e+01
 1679 2.803755e-01 1.223392e+01
 1680 2.809004e-01 1.224046e+01
 1681 2.814616e-01 1.224836e+01
 1682 2.820696e-01 1.225746e+01
 1683 2.827379e-01 1.226756e+01
 1684 2.834800e-01 1.227842e+01
 1685 2.843096e-01 1.228981e+01
 1686 2.852402e-01 1.230150e+01
 1687 2.862854e-01 1.231328e+01
 1688 2.874588e-01 1.232491e+01
 1689 2.887740e-01 1.233617e+01
 1690 2.902445e-01 1.234683e+01
 1691 2.918840e-01 1.235666e+01
 1692 2.937059e-01 1.236544e+01
 1693 2.957240e-01 1.237294e+01
 1694 2.979517e-01 1.237893e+01
 1695 3.004027e-01 1.238319e+01
 1696 3.030905e-01 1.238549e+01
 1697 3.060288e-01 1.238560e+01
 1698 3.092310e-01 1.238329e+01
 1699 3.127109e-01 1.237835e+01
 1700 3.164818e-01 1.237054e+01
 1701 3.205576e-01 1.235963e+01
 1702 3.249516e-01 1.234540e+01
 1703 3.296776e-01 1.232763e+01
 1704 3.347490e-01 1.230608e+01
 1705 3.401795e-01 1.228053e+01
 1706 3.459827e-01 1.225075e+01
 1707 3.521721e-01 1.221651e+01
 1708 3.587613e-01 1.217760e+01
 1709 3.657638e-01 1.213378e+01
 1710 3.731934e-01 1.208482e+01
 1711 3.810635e-01 1.203050e+01
 1712 3.893878e-01 1.197059e+01
 1713 3.981797e-01 1.190486e+01
 1714 4.074530e-01 1.183310e+01
 1715 4.172211e-01 1.175506e+01
 1716 4.274977e-01 1.167053e+01
 1717 4.382963e-01 1.157928e+01
 1718 4.496306e-01 1.148108e+01
 1719 4.615140e-01 1.137570e+01
 1720 4.739603e-01 1.126292e+01
 1721 4.869829e-01 1.114251e+01
 1722 5.005954e-01 1.101424e+01
 1723 5.148115e-01 1.087789e+01
 1724 5.296446e-01 1.073324e+01
 1725 5.451085e-01 1.058004e+01
 1726 5.612166e-01 1.041808e+01
 1727 5.779826e-01 1.024713e+01
 1728 5.954200e-01 1.006697e+01
 1729 6.135425e-01 9.877360e+00
 1730 6.323635e-01 9.678081e+00
 1731 6.518967e-01 9.468906e+00
 1732 6.721556e-01 9.249607e+00
 1733 6.931539e-01 9.019957e+00
 1734 7.149051e-01 8.779730e+00
 1735 7.374228e-01 8.528699e+00
 1736 7.607206e-01 8.266637e+00
 1737 7.848120e-01 7.993318e+00
 1738 8.097107e-01 7.708514e+00
 1739 8.354302e-01 7.411999e+00
 1740 8.619841e-01 7.103547e+00
 1741 8.893860e-01 6.782930e+00
 1742 9.176495e-01 6.449922e+00
 1743 9.467881e-01 6.104295e+00
 1744 9.768154e-01 5.745824e+00
 1745 1.007745e+00 5.374281e+00
 1746 1.039591e+00 4.989440e+00
 1747 1.072366e+00 4.591074e+00
 1748 1.106084e+00 4.178956e+00
 1749 1.140758e+00 3.752859e+00
 1750 1.176403e+00 3.312557e+00
