  500 1.462326e+00     0
  501 1.462271e+00     0
  502 1.462216e+00     0
  503 1.462162e+00     0
  504 1.462108e+00     0
  505 1.462054e+00     0
  506 1.462000e+00     0
  507 1.461947e+00     0
  508 1.461894e+00     0
  509 1.461841e+00     0
  510 1.461789e+00     0
  511 1.461736e+00     0
  512 1.461685e+00     0
  513 1.461633e+00     0
  514 1.461582e+00     0
  515 1.461531e+00     0
  516 1.461480e+00     0
  517 1.461430e+00     0
  518 1.461380e+00     0
  519 1.461330e+00     0
  520 1.461280e+00     0
  521 1.461231e+00     0
  522 1.461182e+00     0
  523 1.461133e+00     0
  524 1.461085e+00     0
  525 1.461037e+00     0
  526 1.460989e+00     0
  527 1.460941e+00     0
  528 1.460894e+00     0
  529 1.460846e+00     0
  530 1.460799e+00     0
  531 1.460753e+00     0
  532 1.460706e+00     0
  533 1.460660e+00     0
  534 1.460614e+00     0
  535 1.460568e+00     0
  536 1.460523e+00     0
  537 1.460478e+00     0
  538 1.460433e+00     0
  539 1.460388e+00     0
  540 1.460344e+00     0
  541 1.460299e+00     0
  542 1.460255e+00     0
  543 1.460211e+00     0
  544 1.460168e+00     0
  545 1.460124e+00     0
  546 1.460081e+00     0
  547 1.460038e+00     0
  548 1.459996e+00     0
  549 1.459953e+00     0
  550 1.459911e+00     0
  551 1.459869e+00     0
  552 1.459827e+00     0
  553 1.459785e+00     0
  554 1.459744e+00     0
  555 1.459703e+00     0
  556 1.459662e+00     0
  557 1.459621e+00     0
  558 1.459580e+00     0
  559 1.459540e+00     0
  560 1.459500e+00     0
  561 1.459460e+00     0
  562 1.459420e+00     0
  563 1.459380e+00     0
  564 1.459341e+00     0
  565 1.459301e+00     0
  566 1.459262e+00     0
  567 1.459223e+00     0
  568 1.459185e+00     0
  569 1.459146e+00     0
  570 1.459108e+00     0
  571 1.459070e+00     0
  572 1.459032e+00     0
  573 1.458994e+00     0
  574 1.458956e+00     0
  575 1.458919e+00     0
  576 1.458882e+00     0
  577 1.458845e+00     0
  578 1.458808e+00     0
  579 1.458771e+00     0
  580 1.458735e+00     0
  581 1.458698e+00     0
  582 1.458662e+00     0
  583 1.458626e+00     0
  584 1.458590e+00     0
  585 1.458554e+00     0
  586 1.458519e+00     0
  587 1.458483e+00     0
  588 1.458448e+00     0
  589 1.458413e+00     0
  590 1.458378e+00     0
  591 1.458344e+00     0
  592 1.458309e+00     0
  593 1.458275e+00     0
  594 1.458240e+00     0
  595 1.458206e+00     0
  596 1.458172e+00     0
  597 1.458138e+00     0
  598 1.458105e+00     0
  599 1.458071e+00     0
  600 1.458038e+00     0
  601 1.458004e+00     0
  602 1.457971e+00     0
  603 1.457938e+00     0
  604 1.457906e+00     0
  605 1.457873e+00     0
  606 1.457840e+00     0
  607 1.457808e+00     0
  608 1.457776e+00     0
  609 1.457744e+00     0
  610 1.457712e+00     0
  611 1.457680e+00     0
  612 1.457648e+00     0
  613 1.457617e+00     0
  614 1.457585e+00     0
  615 1.457554e+00     0
  616 1.457523e+00     0
  617 1.457492e+00     0
  618 1.457461e+00     0
  619 1.457430e+00     0
  620 1.457399e+00     0
  621 1.457369e+00     0
  622 1.457338e+00     0
  623 1.457308e+00     0
  624 1.457278e+00     0
  625 1.457248e+00     0
  626 1.457218e+00     0
  627 1.457188e+00     0
  628 1.457159e+00     0
  629 1.457129e+00     0
  630 1.457100e+00     0
  631 1.457070e+00     0
  632 1.457041e+00     0
  633 1.457012e+00     0
  634 1.456983e+00     0
  635 1.456954e+00     0
  636 1.456926e+00     0
  637 1.456897e+00     0
  638 1.456868e+00     0
  639 1.456840e+00     0
  640 1.456812e+00     0
  641 1.456784e+00     0
  642 1.456756e+00     0
  643 1.456728e+00     0
  644 1.456700e+00     0
  645 1.456672e+00     0
  646 1.456644e+00     0
  647 1.456617e+00     0
  648 1.456589e+00     0
  649 1.456562e+00     0
  650 1.456535e+00     0
  651 1.456508e+00     0
  652 1.456481e+00     0
  653 1.456454e+00     0
  654 1.456427e+00     0
  655 1.456400e+00     0
  656 1.456374e+00     0
  657 1.456347e+00     0
  658 1.456321e+00     0
  659 1.456295e+00     0
  660 1.456268e+00     0
  661 1.456242e+00     0
  662 1.456216e+00     0
  663 1.456190e+00     0
  664 1.456165e+00     0
  665 1.456139e+00     0
  666 1.456113e+00     0
  667 1.456088e+00     0
  668 1.456062e+00     0
  669 1.456037e+00     0
  670 1.456011e+00     0
  671 1.455986e+00     0
  672 1.455961e+00     0
  673 1.455936e+00     0
  674 1.455911e+00     0
  675 1.455886e+00     0
  676 1.455862e+00     0
  677 1.455837e+00     0
  678 1.455812e+00     0
  679 1.455788e+00     0
  680 1.455764e+00     0
  681 1.455739e+00     0
  682 1.455715e+00     0
  683 1.455691e+00     0
  684 1.455667e+00     0
  685 1.455643e+00     0
  686 1.455619e+00     0
  687 1.455595e+00     0
  688 1.455571e+00     0
  689 1.455548e+00     0
  690 1.455524e+00     0
  691 1.455501e+00     0
  692 1.455477e+00     0
  693 1.455454e+00     0
  694 1.455431e+00     0
  695 1.455407e+00     0
  696 1.455384e+00     0
  697 1.455361e+00     0
  698 1.455338e+00     0
  699 1.455315e+00     0
  700 1.455292e+00     0
  701 1.455270e+00     0
  702 1.455247e+00     0
  703 1.455224e+00     0
  704 1.455202e+00     0
  705 1.455179e+00     0
  706 1.455157e+00     0
  707 1.455135e+00     0
  708 1.455113e+00     0
  709 1.455090e+00     0
  710 1.455068e+00     0
  711 1.455046e+00     0
  712 1.455024e+00     0
  713 1.455002e+00     0
  714 1.454981e+00     0
  715 1.454959e+00     0
  716 1.454937e+00     0
  717 1.454915e+00     0
  718 1.454894e+00     0
  719 1.454872e+00     0
  720 1.454851e+00     0
  721 1.454830e+00     0
  722 1.454808e+00     0
  723 1.454787e+00     0
  724 1.454766e+00     0
  725 1.454745e+00     0
  726 1.454724e+00     0
  727 1.454703e+00     0
  728 1.454682e+00     0
  729 1.454661e+00     0
  730 1.454640e+00     0
  731 1.454620e+00     0
  732 1.454599e+00     0
  733 1.454578e+00     0
  734 1.454558e+00     0
  735 1.454537e+00     0
  736 1.454517e+00     0
  737 1.454496e+00     0
  738 1.454476e+00     0
  739 1.454456e+00     0
  740 1.454436e+00     0
  741 1.454415e+00     0
  742 1.454395e+00     0
  743 1.454375e+00     0
  744 1.454355e+00     0
  745 1.454335e+00     0
  746 1.454316e+00     0
  747 1.454296e+00     0
  748 1.454276e+00     0
  749 1.454256e+00     0
  750 1.454237e+00     0
  751 1.454217e+00     0
  752 1.454198e+00     0
  753 1.454178e+00     0
  754 1.454159e+00     0
  755 1.454139e+00     0
  756 1.454120e+00     0
  757 1.454101e+00     0
  758 1.454082e+00     0
  759 1.454062e+00     0
  760 1.454043e+00     0
  761 1.454024e+00     0
  762 1.454005e+00     0
  763 1.453986e+00     0
  764 1.453967e+00     0
  765 1.453948e+00     0
  766 1.453930e+00     0
  767 1.453911e+00     0
  768 1.453892e+00     0
  769 1.453873e+00     0
  770 1.453855e+00     0
  771 1.453836e+00     0
  772 1.453818e+00     0
  773 1.453799e+00     0
  774 1.453781e+00     0
  775 1.453762e+00     0
  776 1.453744e+00     0
  777 1.453726e+00     0
  778 1.453708e+00     0
  779 1.453689e+00     0
  780 1.453671e+00     0
  781 1.453653e+00     0
  782 1.453635e+00     0
  783 1.453617e+00     0
  784 1.453599e+00     0
  785 1.453581e+00     0
  786 1.453563e+00     0
  787 1.453545e+00     0
  788 1.453528e+00     0
  789 1.453510e+00     0
  790 1.453492e+00     0
  791 1.453474e+00     0
  792 1.453457e+00     0
  793 1.453439e+00     0
  794 1.453422e+00     0
  795 1.453404e+00     0
  796 1.453387e+00     0
  797 1.453369e+00     0
  798 1.453352e+00     0
  799 1.453335e+00     0
  800 1.453317e+00     0
  801 1.453300e+00     0
  802 1.453283e+00     0
  803 1.453266e+00     0
  804 1.453248e+00     0
  805 1.453231e+00     0
  806 1.453214e+00     0
  807 1.453197e+00     0
  808 1.453180e+00     0
  809 1.453163e+00     0
  810 1.453146e+00     0
  811 1.453129e+00     0
  812 1.453113e+00     0
  813 1.453096e+00     0
  814 1.453079e+00     0
  815 1.453062e+00     0
  816 1.453046e+00     0
  817 1.453029e+00     0
  818 1.453012e+00     0
  819 1.452996e+00     0
  820 1.452979e+00     0
  821 1.452963e+00     0
  822 1.452946e+00     0
  823 1.452930e+00     0
  824 1.452913e+00     0
  825 1.452897e+00     0
  826 1.452881e+00     0
  827 1.452864e+00     0
  828 1.452848e+00     0
  829 1.452832e+00     0
  830 1.452816e+00     0
  831 1.452799e+00     0
  832 1.452783e+00     0
  833 1.452767e+00     0
  834 1.452751e+00     0
  835 1.452735e+00     0
  836 1.452719e+00     0
  837 1.452703e+00     0
  838 1.452687e+00     0
  839 1.452671e+00     0
  840 1.452655e+00     0
  841 1.452640e+00     0
  842 1.452624e+00     0
  843 1.452608e+00     0
  844 1.452592e+00     0
  845 1.452576e+00     0
  846 1.452561e+00     0
  847 1.452545e+00     0
  848 1.452529e+00     0
  849 1.452514e+00     0
  850 1.452498e+00     0
  851 1.452483e+00     0
  852 1.452467e+00     0
  853 1.452452e+00     0
  854 1.452436e+00     0
  855 1.452421e+00     0
  856 1.452405e+00     0
  857 1.452390e+00     0
  858 1.452375e+00     0
  859 1.452359e+00     0
  860 1.452344e+00     0
  861 1.452329e+00     0
  862 1.452314e+00     0
  863 1.452298e+00     0
  864 1.452283e+00     0
  865 1.452268e+00     0
  866 1.452253e+00     0
  867 1.452238e+00     0
  868 1.452223e+00     0
  869 1.452208e+00     0
  870 1.452193e+00     0
  871 1.452178e+00     0
  872 1.452163e+00     0
  873 1.452148e+00     0
  874 1.452133e+00     0
  875 1.452118e+00     0
  876 1.452103e+00     0
  877 1.452088e+00     0
  878 1.452074e+00     0
  879 1.452059e+00     0
  880 1.452044e+00     0
  881 1.452029e+00     0
  882 1.452015e+00     0
  883 1.452000e+00     0
  884 1.451985e+00     0
  885 1.451971e+00     0
  886 1.451956e+00     0
  887 1.451941e+00     0
  888 1.451927e+00     0
  889 1.451912e+00     0
  890 1.451898e+00     0
  891 1.451883e+00     0
  892 1.451869e+00     0
  893 1.451854e+00     0
  894 1.451840e+00     0
  895 1.451826e+00     0
  896 1.451811e+00     0
  897 1.451797e+00     0
  898 1.451783e+00     0
  899 1.451768e+00     0
  900 1.451754e+00     0
  901 1.451740e+00     0
  902 1.451725e+00     0
  903 1.451711e+00     0
  904 1.451697e+00     0
  905 1.451683e+00     0
  906 1.451669e+00     0
  907 1.451655e+00     0
  908 1.451640e+00     0
  909 1.451626e+00     0
  910 1.451612e+00     0
  911 1.451598e+00     0
  912 1.451584e+00     0
  913 1.451570e+00     0
  914 1.451556e+00     0
  915 1.451542e+00     0
  916 1.451528e+00     0
  917 1.451514e+00     0
  918 1.451500e+00     0
  919 1.451487e+00     0
  920 1.451473e+00     0
  921 1.451459e+00     0
  922 1.451445e+00     0
  923 1.451431e+00     0
  924 1.451417e+00     0
  925 1.451404e+00     0
  926 1.451390e+00     0
  927 1.451376e+00     0
  928 1.451362e+00     0
  929 1.451349e+00     0
  930 1.451335e+00     0
  931 1.451321e+00     0
  932 1.451308e+00     0
  933 1.451294e+00     0
  934 1.451280e+00     0
  935 1.451267e+00     0
  936 1.451253e+00     0
  937 1.451240e+00     0
  938 1.451226e+00     0
  939 1.451213e+00     0
  940 1.451199e+00     0
  941 1.451186e+00     0
  942 1.451172e+00     0
  943 1.451159e+00     0
  944 1.451145e+00     0
  945 1.451132e+00     0
  946 1.451119e+00     0
  947 1.451105e+00     0
  948 1.451092e+00     0
  949 1.451078e+00     0
  950 1.451065e+00     0
  951 1.451052e+00     0
  952 1.451039e+00     0
  953 1.451025e+00     0
  954 1.451012e+00     0
  955 1.450999e+00     0
  956 1.450985e+00     0
  957 1.450972e+00     0
  958 1.450959e+00     0
  959 1.450946e+00     0
  960 1.450933e+00     0
  961 1.450920e+00     0
  962 1.450906e+00     0
  963 1.450893e+00     0
  964 1.450880e+00     0
  965 1.450867e+00     0
  966 1.450854e+00     0
  967 1.450841e+00     0
  968 1.450828e+00     0
  969 1.450815e+00     0
  970 1.450802e+00     0
  971 1.450789e+00     0
  972 1.450776e+00     0
  973 1.450763e+00     0
  974 1.450750e+00     0
  975 1.450737e+00     0
  976 1.450724e+00     0
  977 1.450711e+00     0
  978 1.450698e+00     0
  979 1.450685e+00     0
  980 1.450672e+00     0
  981 1.450659e+00     0
  982 1.450647e+00     0
  983 1.450634e+00     0
  984 1.450621e+00     0
  985 1.450608e+00     0
  986 1.450595e+00     0
  987 1.450583e+00     0
  988 1.450570e+00     0
  989 1.450557e+00     0
  990 1.450544e+00     0
  991 1.450531e+00     0
  992 1.450519e+00     0
  993 1.450506e+00     0
  994 1.450493e+00     0
  995 1.450481e+00     0
  996 1.450468e+00     0
  997 1.450455e+00     0
  998 1.450443e+00     0
  999 1.450430e+00     0
 1000 1.450417e+00     0
 1001 1.450405e+00     0
 1002 1.450392e+00     0
 1003 1.450380e+00     0
 1004 1.450367e+00     0
 1005 1.450354e+00     0
 1006 1.450342e+00     0
 1007 1.450329e+00     0
 1008 1.450317e+00     0
 1009 1.450304e+00     0
 1010 1.450292e+00     0
 1011 1.450279e+00     0
 1012 1.450267e+00     0
 1013 1.450254e+00     0
 1014 1.450242e+00     0
 1015 1.450229e+00     0
 1016 1.450217e+00     0
 1017 1.450205e+00     0
 1018 1.450192e+00     0
 1019 1.450180e+00     0
 1020 1.450167e+00     0
 1021 1.450155e+00     0
 1022 1.450142e+00     0
 1023 1.450130e+00     0
 1024 1.450118e+00     0
 1025 1.450105e+00     0
 1026 1.450093e+00     0
 1027 1.450081e+00     0
 1028 1.450068e+00     0
 1029 1.450056e+00     0
 1030 1.450044e+00     0
 1031 1.450032e+00     0
 1032 1.450019e+00     0
 1033 1.450007e+00     0
 1034 1.449995e+00     0
 1035 1.449982e+00     0
 1036 1.449970e+00     0
 1037 1.449958e+00     0
 1038 1.449946e+00     0
 1039 1.449934e+00     0
 1040 1.449921e+00     0
 1041 1.449909e+00     0
 1042 1.449897e+00     0
 1043 1.449885e+00     0
 1044 1.449873e+00     0
 1045 1.449860e+00     0
 1046 1.449848e+00     0
 1047 1.449836e+00     0
 1048 1.449824e+00     0
 1049 1.449812e+00     0
 1050 1.449800e+00     0
 1051 1.449788e+00     0
 1052 1.449776e+00     0
 1053 1.449763e+00     0
 1054 1.449751e+00     0
 1055 1.449739e+00     0
 1056 1.449727e+00     0
 1057 1.449715e+00     0
 1058 1.449703e+00     0
 1059 1.449691e+00     0
 1060 1.449679e+00     0
 1061 1.449667e+00     0
 1062 1.449655e+00     0
 1063 1.449643e+00     0
 1064 1.449631e+00     0
 1065 1.449619e+00     0
 1066 1.449607e+00     0
 1067 1.449595e+00     0
 1068 1.449583e+00     0
 1069 1.449571e+00     0
 1070 1.449559e+00     0
 1071 1.449547e+00     0
 1072 1.449535e+00     0
 1073 1.449523e+00     0
 1074 1.449511e+00     0
 1075 1.449499e+00     0
 1076 1.449488e+00     0
 1077 1.449476e+00     0
 1078 1.449464e+00     0
 1079 1.449452e+00     0
 1080 1.449440e+00     0
 1081 1.449428e+00     0
 1082 1.449416e+00     0
 1083 1.449404e+00     0
 1084 1.449392e+00     0
 1085 1.449381e+00     0
 1086 1.449369e+00     0
 1087 1.449357e+00     0
 1088 1.449345e+00     0
 1089 1.449333e+00     0
 1090 1.449321e+00     0
 1091 1.449310e+00     0
 1092 1.449298e+00     0
 1093 1.449286e+00     0
 1094 1.449274e+00     0
 1095 1.449262e+00     0
 1096 1.449251e+00     0
 1097 1.449239e+00     0
 1098 1.449227e+00     0
 1099 1.449215e+00     0
 1100 1.449204e+00     0
 1101 1.449192e+00     0
 1102 1.449180e+00     0
 1103 1.449168e+00     0
 1104 1.449157e+00     0
 1105 1.449145e+00     0
 1106 1.449133e+00     0
 1107 1.449121e+00     0
 1108 1.449110e+00     0
 1109 1.449098e+00     0
 1110 1.449086e+00     0
 1111 1.449075e+00     0
 1112 1.449063e+00     0
 1113 1.449051e+00     0
 1114 1.449040e+00     0
 1115 1.449028e+00     0
 1116 1.449016e+00     0
 1117 1.449005e+00     0
 1118 1.448993e+00     0
 1119 1.448981e+00     0
 1120 1.448970e+00     0
 1121 1.448958e+00     0
 1122 1.448946e+00     0
 1123 1.448935e+00     0
 1124 1.448923e+00     0
 1125 1.448911e+00     0
 1126 1.448900e+00     0
 1127 1.448888e+00     0
 1128 1.448877e+00     0
 1129 1.448865e+00     0
 1130 1.448853e+00     0
 1131 1.448842e+00     0
 1132 1.448830e+00     0
 1133 1.448819e+00     0
 1134 1.448807e+00     0
 1135 1.448795e+00     0
 1136 1.448784e+00     0
 1137 1.448772e+00     0
 1138 1.448761e+00     0
 1139 1.448749e+00     0
 1140 1.448738e+00     0
 1141 1.448726e+00     0
 1142 1.448714e+00     0
 1143 1.448703e+00     0
 1144 1.448691e+00     0
 1145 1.448680e+00     0
 1146 1.448668e+00     0
 1147 1.448657e+00     0
 1148 1.448645e+00     0
 1149 1.448634e+00     0
 1150 1.448622e+00     0
 1151 1.448611e+00     0
 1152 1.448599e+00     0
 1153 1.448588e+00     0
 1154 1.448576e+00     0
 1155 1.448565e+00     0
 1156 1.448553e+00     0
 1157 1.448542e+00     0
 1158 1.448530e+00     0
 1159 1.448519e+00     0
 1160 1.448507e+00     0
 1161 1.448496e+00     0
 1162 1.448484e+00     0
 1163 1.448473e+00     0
 1164 1.448461e+00     0
 1165 1.448450e+00     0
 1166 1.448438e+00     0
 1167 1.448427e+00     0
 1168 1.448415e+00     0
 1169 1.448404e+00     0
 1170 1.448393e+00     0
 1171 1.448381e+00     0
 1172 1.448370e+00     0
 1173 1.448358e+00     0
 1174 1.448347e+00     0
 1175 1.448335e+00     0
 1176 1.448324e+00     0
 1177 1.448312e+00     0
 1178 1.448301e+00     0
 1179 1.448290e+00     0
 1180 1.448278e+00     0
 1181 1.448267e+00     0
 1182 1.448255e+00     0
 1183 1.448244e+00     0
 1184 1.448232e+00     0
 1185 1.448221e+00     0
 1186 1.448210e+00     0
 1187 1.448198e+00     0
 1188 1.448187e+00     0
 1189 1.448175e+00     0
 1190 1.448164e+00     0
 1191 1.448153e+00     0
 1192 1.448141e+00     0
 1193 1.448130e+00     0
 1194 1.448118e+00     0
 1195 1.448107e+00     0
 1196 1.448096e+00     0
 1197 1.448084e+00     0
 1198 1.448073e+00     0
 1199 1.448062e+00     0
 1200 1.448050e+00     0
 1201 1.448039e+00     0
 1202 1.448027e+00     0
 1203 1.448016e+00     0
 1204 1.448005e+00     0
 1205 1.447993e+00     0
 1206 1.447982e+00     0
 1207 1.447971e+00     0
 1208 1.447959e+00     0
 1209 1.447948e+00     0
 1210 1.447936e+00     0
 1211 1.447925e+00     0
 1212 1.447914e+00     0
 1213 1.447902e+00     0
 1214 1.447891e+00     0
 1215 1.447880e+00     0
 1216 1.447868e+00     0
 1217 1.447857e+00     0
 1218 1.447846e+00     0
 1219 1.447834e+00     0
 1220 1.447823e+00     0
 1221 1.447812e+00     0
 1222 1.447800e+00     0
 1223 1.447789e+00     0
 1224 1.447778e+00     0
 1225 1.447766e+00     0
 1226 1.447755e+00     0
 1227 1.447744e+00     0
 1228 1.447732e+00     0
 1229 1.447721e+00     0
 1230 1.447710e+00     0
 1231 1.447698e+00     0
 1232 1.447687e+00     0
 1233 1.447676e+00     0
 1234 1.447664e+00     0
 1235 1.447653e+00     0
 1236 1.447642e+00     0
 1237 1.447630e+00     0
 1238 1.447619e+00     0
 1239 1.447608e+00     0
 1240 1.447596e+00     0
 1241 1.447585e+00     0
 1242 1.447574e+00     0
 1243 1.447562e+00     0
 1244 1.447551e+00     0
 1245 1.447540e+00     0
 1246 1.447528e+00     0
 1247 1.447517e+00     0
 1248 1.447506e+00     0
 1249 1.447494e+00     0
 1250 1.447483e+00     0
 1251 1.447472e+00     0
 1252 1.447460e+00     0
 1253 1.447449e+00     0
 1254 1.447438e+00     0
 1255 1.447427e+00     0
 1256 1.447415e+00     0
 1257 1.447404e+00     0
 1258 1.447393e+00     0
 1259 1.447381e+00     0
 1260 1.447370e+00     0
 1261 1.447359e+00     0
 1262 1.447347e+00     0
 1263 1.447336e+00     0
 1264 1.447325e+00     0
 1265 1.447313e+00     0
 1266 1.447302e+00     0
 1267 1.447291e+00     0
 1268 1.447280e+00     0
 1269 1.447268e+00     0
 1270 1.447257e+00     0
 1271 1.447246e+00     0
 1272 1.447234e+00     0
 1273 1.447223e+00     0
 1274 1.447212e+00     0
 1275 1.447200e+00     0
 1276 1.447189e+00     0
 1277 1.447178e+00     0
 1278 1.447166e+00     0
 1279 1.447155e+00     0
 1280 1.447144e+00     0
 1281 1.447132e+00     0
 1282 1.447121e+00     0
 1283 1.447110e+00     0
 1284 1.447099e+00     0
 1285 1.447087e+00     0
 1286 1.447076e+00     0
 1287 1.447065e+00     0
 1288 1.447053e+00     0
 1289 1.447042e+00     0
 1290 1.447031e+00     0
 1291 1.447019e+00     0
 1292 1.447008e+00     0
 1293 1.446997e+00     0
 1294 1.446985e+00     0
 1295 1.446974e+00     0
 1296 1.446963e+00     0
 1297 1.446951e+00     0
 1298 1.446940e+00     0
 1299 1.446929e+00     0
 1300 1.446918e+00     0
 1301 1.446906e+00     0
 1302 1.446895e+00     0
 1303 1.446884e+00     0
 1304 1.446872e+00     0
 1305 1.446861e+00     0
 1306 1.446850e+00     0
 1307 1.446838e+00     0
 1308 1.446827e+00     0
 1309 1.446816e+00     0
 1310 1.446804e+00     0
 1311 1.446793e+00     0
 1312 1.446782e+00     0
 1313 1.446770e+00     0
 1314 1.446759e+00     0
 1315 1.446748e+00     0
 1316 1.446736e+00     0
 1317 1.446725e+00     0
 1318 1.446714e+00     0
 1319 1.446702e+00     0
 1320 1.446691e+00     0
 1321 1.446680e+00     0
 1322 1.446668e+00     0
 1323 1.446657e+00     0
 1324 1.446646e+00     0
 1325 1.446634e+00     0
 1326 1.446623e+00     0
 1327 1.446612e+00     0
 1328 1.446600e+00     0
 1329 1.446589e+00     0
 1330 1.446578e+00     0
 1331 1.446566e+00     0
 1332 1.446555e+00     0
 1333 1.446544e+00     0
 1334 1.446532e+00     0
 1335 1.446521e+00     0
 1336 1.446510e+00     0
 1337 1.446498e+00     0
 1338 1.446487e+00     0
 1339 1.446475e+00     0
 1340 1.446464e+00     0
 1341 1.446453e+00     0
 1342 1.446441e+00     0
 1343 1.446430e+00     0
 1344 1.446419e+00     0
 1345 1.446407e+00     0
 1346 1.446396e+00     0
 1347 1.446385e+00     0
 1348 1.446373e+00     0
 1349 1.446362e+00     0
 1350 1.446350e+00     0
 1351 1.446339e+00     0
 1352 1.446328e+00     0
 1353 1.446316e+00     0
 1354 1.446305e+00     0
 1355 1.446294e+00     0
 1356 1.446282e+00     0
 1357 1.446271e+00     0
 1358 1.446259e+00     0
 1359 1.446248e+00     0
 1360 1.446237e+00     0
 1361 1.446225e+00     0
 1362 1.446214e+00     0
 1363 1.446202e+00     0
 1364 1.446191e+00     0
 1365 1.446180e+00     0
 1366 1.446168e+00     0
 1367 1.446157e+00     0
 1368 1.446145e+00     0
 1369 1.446134e+00     0
 1370 1.446123e+00     0
 1371 1.446111e+00     0
 1372 1.446100e+00     0
 1373 1.446088e+00     0
 1374 1.446077e+00     0
 1375 1.446066e+00     0
 1376 1.446054e+00     0
 1377 1.446043e+00     0
 1378 1.446031e+00     0
 1379 1.446020e+00     0
 1380 1.446008e+00     0
 1381 1.445997e+00     0
 1382 1.445986e+00     0
 1383 1.445974e+00     0
 1384 1.445963e+00     0
 1385 1.445951e+00     0
 1386 1.445940e+00     0
 1387 1.445928e+00     0
 1388 1.445917e+00     0
 1389 1.445906e+00     0
 1390 1.445894e+00     0
 1391 1.445883e+00     0
 1392 1.445871e+00     0
 1393 1.445860e+00     0
 1394 1.445848e+00     0
 1395 1.445837e+00     0
 1396 1.445825e+00     0
 1397 1.445814e+00     0
 1398 1.445802e+00     0
 1399 1.445791e+00     0
 1400 1.445779e+00     0
 1401 1.445768e+00     0
 1402 1.445756e+00     0
 1403 1.445745e+00     0
 1404 1.445734e+00     0
 1405 1.445722e+00     0
 1406 1.445711e+00     0
 1407 1.445699e+00     0
 1408 1.445688e+00     0
 1409 1.445676e+00     0
 1410 1.445665e+00     0
 1411 1.445653e+00     0
 1412 1.445642e+00     0
 1413 1.445630e+00     0
 1414 1.445619e+00     0
 1415 1.445607e+00     0
 1416 1.445596e+00     0
 1417 1.445584e+00     0
 1418 1.445573e+00     0
 1419 1.445561e+00     0
 1420 1.445549e+00     0
 1421 1.445538e+00     0
 1422 1.445526e+00     0
 1423 1.445515e+00     0
 1424 1.445503e+00     0
 1425 1.445492e+00     0
 1426 1.445480e+00     0
 1427 1.445469e+00     0
 1428 1.445457e+00     0
 1429 1.445446e+00     0
 1430 1.445434e+00     0
 1431 1.445423e+00     0
 1432 1.445411e+00     0
 1433 1.445399e+00     0
 1434 1.445388e+00     0
 1435 1.445376e+00     0
 1436 1.445365e+00     0
 1437 1.445353e+00     0
 1438 1.445342e+00     0
 1439 1.445330e+00     0
 1440 1.445318e+00     0
 1441 1.445307e+00     0
 1442 1.445295e+00     0
 1443 1.445284e+00     0
 1444 1.445272e+00     0
 1445 1.445260e+00     0
 1446 1.445249e+00     0
 1447 1.445237e+00     0
 1448 1.445226e+00     0
 1449 1.445214e+00     0
 1450 1.445202e+00     0
 1451 1.445191e+00     0
 1452 1.445179e+00     0
 1453 1.445168e+00     0
 1454 1.445156e+00     0
 1455 1.445144e+00     0
 1456 1.445133e+00     0
 1457 1.445121e+00     0
 1458 1.445109e+00     0
 1459 1.445098e+00     0
 1460 1.445086e+00     0
 1461 1.445075e+00     0
 1462 1.445063e+00     0
 1463 1.445051e+00     0
 1464 1.445040e+00     0
 1465 1.445028e+00     0
 1466 1.445016e+00     0
 1467 1.445005e+00     0
 1468 1.444993e+00     0
 1469 1.444981e+00     0
 1470 1.444970e+00     0
 1471 1.444958e+00     0
 1472 1.444946e+00     0
 1473 1.444934e+00     0
 1474 1.444923e+00     0
 1475 1.444911e+00     0
 1476 1.444899e+00     0
 1477 1.444888e+00     0
 1478 1.444876e+00     0
 1479 1.444864e+00     0
 1480 1.444853e+00     0
 1481 1.444841e+00     0
 1482 1.444829e+00     0
 1483 1.444817e+00     0
 1484 1.444806e+00     0
 1485 1.444794e+00     0
 1486 1.444782e+00     0
 1487 1.444771e+00     0
 1488 1.444759e+00     0
 1489 1.444747e+00     0
 1490 1.444735e+00     0
 1491 1.444724e+00     0
 1492 1.444712e+00     0
 1493 1.444700e+00     0
 1494 1.444688e+00     0
 1495 1.444677e+00     0
 1496 1.444665e+00     0
 1497 1.444653e+00     0
 1498 1.444641e+00     0
 1499 1.444629e+00     0
 1500 1.444618e+00     0
 1501 1.444606e+00     0
 1502 1.444594e+00     0
 1503 1.444582e+00     0
 1504 1.444570e+00     0
 1505 1.444559e+00     0
 1506 1.444547e+00     0
 1507 1.444535e+00     0
 1508 1.444523e+00     0
 1509 1.444511e+00     0
 1510 1.444500e+00     0
 1511 1.444488e+00     0
 1512 1.444476e+00     0
 1513 1.444464e+00     0
 1514 1.444452e+00     0
 1515 1.444440e+00     0
 1516 1.444429e+00     0
 1517 1.444417e+00     0
 1518 1.444405e+00     0
 1519 1.444393e+00     0
 1520 1.444381e+00     0
 1521 1.444369e+00     0
 1522 1.444358e+00     0
 1523 1.444346e+00     0
 1524 1.444334e+00     0
 1525 1.444322e+00     0
 1526 1.444310e+00     0
 1527 1.444298e+00     0
 1528 1.444286e+00     0
 1529 1.444274e+00     0
 1530 1.444262e+00     0
 1531 1.444251e+00     0
 1532 1.444239e+00     0
 1533 1.444227e+00     0
 1534 1.444215e+00     0
 1535 1.444203e+00     0
 1536 1.444191e+00     0
 1537 1.444179e+00     0
 1538 1.444167e+00     0
 1539 1.444155e+00     0
 1540 1.444143e+00     0
 1541 1.444131e+00     0
 1542 1.444119e+00     0
 1543 1.444107e+00     0
 1544 1.444095e+00     0
 1545 1.444083e+00     0
 1546 1.444072e+00     0
 1547 1.444060e+00     0
 1548 1.444048e+00     0
 1549 1.444036e+00     0
 1550 1.444024e+00     0
 1551 1.444012e+00     0
 1552 1.444000e+00     0
 1553 1.443988e+00     0
 1554 1.443976e+00     0
 1555 1.443964e+00     0
 1556 1.443952e+00     0
 1557 1.443940e+00     0
 1558 1.443928e+00     0
 1559 1.443916e+00     0
 1560 1.443904e+00     0
 1561 1.443892e+00     0
 1562 1.443880e+00     0
 1563 1.443867e+00     0
 1564 1.443855e+00     0
 1565 1.443843e+00     0
 1566 1.443831e+00     0
 1567 1.443819e+00     0
 1568 1.443807e+00     0
 1569 1.443795e+00     0
 1570 1.443783e+00     0
 1571 1.443771e+00     0
 1572 1.443759e+00     0
 1573 1.443747e+00     0
 1574 1.443735e+00     0
 1575 1.443723e+00     0
 1576 1.443711e+00     0
 1577 1.443699e+00     0
 1578 1.443686e+00     0
 1579 1.443674e+00     0
 1580 1.443662e+00     0
 1581 1.443650e+00     0
 1582 1.443638e+00     0
 1583 1.443626e+00     0
 1584 1.443614e+00     0
 1585 1.443602e+00     0
 1586 1.443589e+00     0
 1587 1.443577e+00     0
 1588 1.443565e+00     0
 1589 1.443553e+00     0
 1590 1.443541e+00     0
 1591 1.443529e+00     0
 1592 1.443517e+00     0
 1593 1.443504e+00     0
 1594 1.443492e+00     0
 1595 1.443480e+00     0
 1596 1.443468e+00     0
 1597 1.443456e+00     0
 1598 1.443443e+00     0
 1599 1.443431e+00     0
 1600 1.443419e+00     0
 1601 1.443407e+00     0
 1602 1.443395e+00     0
 1603 1.443382e+00     0
 1604 1.443370e+00     0
 1605 1.443358e+00     0
 1606 1.443346e+00     0
 1607 1.443333e+00     0
 1608 1.443321e+00     0
 1609 1.443309e+00     0
 1610 1.443297e+00     0
 1611 1.443284e+00     0
 1612 1.443272e+00     0
 1613 1.443260e+00     0
 1614 1.443248e+00     0
 1615 1.443235e+00     0
 1616 1.443223e+00     0
 1617 1.443211e+00     0
 1618 1.443199e+00     0
 1619 1.443186e+00     0
 1620 1.443174e+00     0
 1621 1.443162e+00     0
 1622 1.443149e+00     0
 1623 1.443137e+00     0
 1624 1.443125e+00     0
 1625 1.443112e+00     0
 1626 1.443100e+00     0
 1627 1.443088e+00     0
 1628 1.443075e+00     0
 1629 1.443063e+00     0
 1630 1.443051e+00     0
 1631 1.443038e+00     0
 1632 1.443026e+00     0
 1633 1.443014e+00     0
 1634 1.443001e+00     0
 1635 1.442989e+00     0
 1636 1.442976e+00     0
 1637 1.442964e+00     0
 1638 1.442952e+00     0
 1639 1.442939e+00     0
 1640 1.442927e+00     0
 1641 1.442915e+00     0
 1642 1.442902e+00     0
 1643 1.442890e+00     0
 1644 1.442877e+00     0
 1645 1.442865e+00     0
 1646 1.442852e+00     0
 1647 1.442840e+00     0
 1648 1.442828e+00     0
 1649 1.442815e+00     0
 1650 1.442803e+00     0
 1651 1.442790e+00     0
 1652 1.442778e+00     0
 1653 1.442765e+00     0
 1654 1.442753e+00     0
 1655 1.442740e+00     0
 1656 1.442728e+00     0
 1657 1.442715e+00     0
 1658 1.442703e+00     0
 1659 1.442690e+00     0
 1660 1.442678e+00     0
 1661 1.442665e+00     0
 1662 1.442653e+00     0
 1663 1.442640e+00     0
 1664 1.442628e+00     0
 1665 1.442615e+00     0
 1666 1.442603e+00     0
 1667 1.442590e+00     0
 1668 1.442578e+00     0
 1669 1.442565e+00     0
 1670 1.442553e+00     0
 1671 1.442540e+00     0
 1672 1.442527e+00     0
 1673 1.442515e+00     0
 1674 1.442502e+00     0
 1675 1.442490e+00     0
 1676 1.442477e+00     0
 1677 1.442465e+00     0
 1678 1.442452e+00     0
 1679 1.442439e+00     0
 1680 1.442427e+00     0
 1681 1.442414e+00     0
 1682 1.442402e+00     0
 1683 1.442389e+00     0
 1684 1.442376e+00     0
 1685 1.442364e+00     0
 1686 1.442351e+00     0
 1687 1.442338e+00     0
 1688 1.442326e+00     0
 1689 1.442313e+00     0
 1690 1.442300e+00     0
 1691 1.442288e+00     0
 1692 1.442275e+00     0
 1693 1.442262e+00     0
 1694 1.442250e+00     0
 1695 1.442237e+00     0
 1696 1.442224e+00     0
 1697 1.442212e+00     0
 1698 1.442199e+00     0
 1699 1.442186e+00     0
 1700 1.442174e+00     0
 1701 1.442161e+00     0
 1702 1.442148e+00     0
 1703 1.442135e+00     0
 1704 1.442123e+00     0
 1705 1.442110e+00     0
 1706 1.442097e+00     0
 1707 1.442084e+00     0
 1708 1.442072e+00     0
 1709 1.442059e+00     0
 1710 1.442046e+00     0
 1711 1.442033e+00     0
 1712 1.442021e+00     0
 1713 1.442008e+00     0
 1714 1.441995e+00     0
 1715 1.441982e+00     0
 1716 1.441969e+00     0
 1717 1.441957e+00     0
 1718 1.441944e+00     0
 1719 1.441931e+00     0
 1720 1.441918e+00     0
 1721 1.441905e+00     0
 1722 1.441892e+00     0
 1723 1.441880e+00     0
 1724 1.441867e+00     0
 1725 1.441854e+00     0
 1726 1.441841e+00     0
 1727 1.441828e+00     0
 1728 1.441815e+00     0
 1729 1.441802e+00     0
 1730 1.441790e+00     0
 1731 1.441777e+00     0
 1732 1.441764e+00     0
 1733 1.441751e+00     0
 1734 1.441738e+00     0
 1735 1.441725e+00     0
 1736 1.441712e+00     0
 1737 1.441699e+00     0
 1738 1.441686e+00     0
 1739 1.441673e+00     0
 1740 1.441660e+00     0
 1741 1.441648e+00     0
 1742 1.441635e+00     0
 1743 1.441622e+00     0
 1744 1.441609e+00     0
 1745 1.441596e+00     0
 1746 1.441583e+00     0
 1747 1.441570e+00     0
 1748 1.441557e+00     0
 1749 1.441544e+00     0
 1750 1.441531e+00     0
