  500 1.564058e+00     0
  501 1.563940e+00     0
  502 1.563824e+00     0
  503 1.563708e+00     0
  504 1.563593e+00     0
  505 1.563479e+00     0
  506 1.563366e+00     0
  507 1.563254e+00     0
  508 1.563143e+00     0
  509 1.563032e+00     0
  510 1.562923e+00     0
  511 1.562814e+00     0
  512 1.562706e+00     0
  513 1.562599e+00     0
  514 1.562492e+00     0
  515 1.562387e+00     0
  516 1.562282e+00     0
  517 1.562178e+00     0
  518 1.562075e+00     0
  519 1.561972e+00     0
  520 1.561871e+00     0
  521 1.561770e+00     0
  522 1.561670e+00     0
  523 1.561570e+00     0
  524 1.561471e+00     0
  525 1.561373e+00     0
  526 1.561276e+00     0
  527 1.561179e+00     0
  528 1.561084e+00     0
  529 1.560988e+00     0
  530 1.560894e+00     0
  531 1.560800e+00     0
  532 1.560707e+00     0
  533 1.560614e+00     0
  534 1.560522e+00     0
  535 1.560431e+00     0
  536 1.560341e+00     0
  537 1.560251e+00     0
  538 1.560162e+00     0
  539 1.560073e+00     0
  540 1.559985e+00     0
  541 1.559897e+00     0
  542 1.559811e+00     0
  543 1.559725e+00     0
  544 1.559639e+00     0
  545 1.559554e+00     0
  546 1.559470e+00     0
  547 1.559386e+00     0
  548 1.559303e+00     0
  549 1.559220e+00     0
  550 1.559138e+00     0
  551 1.559056e+00     0
  552 1.558975e+00     0
  553 1.558895e+00     0
  554 1.558815e+00     0
  555 1.558736e+00     0
  556 1.558657e+00     0
  557 1.558579e+00     0
  558 1.558501e+00     0
  559 1.558424e+00     0
  560 1.558347e+00     0
  561 1.558271e+00     0
  562 1.558196e+00     0
  563 1.558120e+00     0
  564 1.558046e+00     0
  565 1.557972e+00     0
  566 1.557898e+00     0
  567 1.557825e+00     0
  568 1.557752e+00     0
  569 1.557680e+00     0
  570 1.557608e+00     0
  571 1.557537e+00     0
  572 1.557466e+00     0
  573 1.557396e+00     0
  574 1.557326e+00     0
  575 1.557257e+00     0
  576 1.557188e+00     0
  577 1.557119e+00     0
  578 1.557051e+00     0
  579 1.556984e+00     0
  580 1.556916e+00     0
  581 1.556850e+00     0
  582 1.556783e+00     0
  583 1.556717e+00     0
  584 1.556652e+00     0
  585 1.556587e+00     0
  586 1.556522e+00     0
  587 1.556458e+00     0
  588 1.556394e+00     0
  589 1.556331e+00     0
  590 1.556268e+00     0
  591 1.556205e+00     0
  592 1.556143e+00     0
  593 1.556081e+00     0
  594 1.556020e+00     0
  595 1.555958e+00     0
  596 1.555898e+00     0
  597 1.555837e+00     0
  598 1.555777e+00     0
  599 1.555718e+00     0
  600 1.555659e+00     0
  601 1.555600e+00     0
  602 1.555541e+00     0
  603 1.555483e+00     0
  604 1.555426e+00     0
  605 1.555368e+00     0
  606 1.555311e+00     0
  607 1.555254e+00     0
  608 1.555198e+00     0
  609 1.555142e+00     0
  610 1.555086e+00     0
  611 1.555031e+00     0
  612 1.554976e+00     0
  613 1.554921e+00     0
  614 1.554867e+00     0
  615 1.554813e+00     0
  616 1.554759e+00     0
  617 1.554706e+00     0
  618 1.554653e+00     0
  619 1.554600e+00     0
  620 1.554547e+00     0
  621 1.554495e+00     0
  622 1.554443e+00     0
  623 1.554392e+00     0
  624 1.554341e+00     0
  625 1.554290e+00     0
  626 1.554239e+00     0
  627 1.554189e+00     0
  628 1.554139e+00     0
  629 1.554089e+00     0
  630 1.554040e+00     0
  631 1.553991e+00     0
  632 1.553942e+00     0
  633 1.553893e+00     0
  634 1.553845e+00     0
  635 1.553797e+00     0
  636 1.553749e+00     0
  637 1.553701e+00     0
  638 1.553654e+00     0
  639 1.553607e+00     0
  640 1.553561e+00     0
  641 1.553514e+00     0
  642 1.553468e+00     0
  643 1.553422e+00     0
  644 1.553377e+00     0
  645 1.553331e+00     0
  646 1.553286e+00     0
  647 1.553241e+00     0
  648 1.553197e+00     0
  649 1.553152e+00     0
  650 1.553108e+00     0
  651 1.553064e+00     0
  652 1.553021e+00     0
  653 1.552977e+00     0
  654 1.552934e+00     0
  655 1.552891e+00     0
  656 1.552849e+00     0
  657 1.552806e+00     0
  658 1.552764e+00     0
  659 1.552722e+00     0
  660 1.552680e+00     0
  661 1.552639e+00     0
  662 1.552598e+00     0
  663 1.552556e+00     0
  664 1.552516e+00     0
  665 1.552475e+00     0
  666 1.552435e+00     0
  667 1.552395e+00     0
  668 1.552355e+00     0
  669 1.552315e+00     0
  670 1.552275e+00     0
  671 1.552236e+00     0
  672 1.552197e+00     0
  673 1.552158e+00     0
  674 1.552119e+00     0
  675 1.552081e+00     0
  676 1.552043e+00     0
  677 1.552005e+00     0
  678 1.551967e+00     0
  679 1.551929e+00     0
  680 1.551892e+00     0
  681 1.551854e+00     0
  682 1.551817e+00     0
  683 1.551780e+00     0
  684 1.551744e+00     0
  685 1.551707e+00     0
  686 1.551671e+00     0
  687 1.551635e+00     0
  688 1.551599e+00     0
  689 1.551563e+00     0
  690 1.551528e+00     0
  691 1.551492e+00     0
  692 1.551457e+00     0
  693 1.551422e+00     0
  694 1.551387e+00     0
  695 1.551353e+00     0
  696 1.551318e+00     0
  697 1.551284e+00     0
  698 1.551250e+00     0
  699 1.551216e+00     0
  700 1.551182e+00     0
  701 1.551149e+00     0
  702 1.551115e+00     0
  703 1.551082e+00     0
  704 1.551049e+00     0
  705 1.551016e+00     0
  706 1.550983e+00     0
  707 1.550951e+00     0
  708 1.550918e+00     0
  709 1.550886e+00     0
  710 1.550854e+00     0
  711 1.550822e+00     0
  712 1.550790e+00     0
  713 1.550759e+00     0
  714 1.550727e+00     0
  715 1.550696e+00     0
  716 1.550665e+00     0
  717 1.550634e+00     0
  718 1.550603e+00     0
  719 1.550572e+00     0
  720 1.550542e+00     0
  721 1.550511e+00     0
  722 1.550481e+00     0
  723 1.550451e+00     0
  724 1.550421e+00     0
  725 1.550391e+00     0
  726 1.550362e+00     0
  727 1.550332e+00     0
  728 1.550303e+00     0
  729 1.550274e+00     0
  730 1.550244e+00     0
  731 1.550216e+00     0
  732 1.550187e+00     0
  733 1.550158e+00     0
  734 1.550130e+00     0
  735 1.550101e+00     0
  736 1.550073e+00     0
  737 1.550045e+00     0
  738 1.550017e+00     0
  739 1.549989e+00     0
  740 1.549961e+00     0
  741 1.549934e+00     0
  742 1.549906e+00     0
  743 1.549879e+00     0
  744 1.549852e+00     0
  745 1.549825e+00     0
  746 1.549798e+00     0
  747 1.549771e+00     0
  748 1.549744e+00     0
  749 1.549718e+00     0
  750 1.549691e+00     0
  751 1.549665e+00     0
  752 1.549639e+00     0
  753 1.549613e+00     0
  754 1.549587e+00     0
  755 1.549561e+00     0
  756 1.549535e+00     0
  757 1.549510e+00     0
  758 1.549484e+00     0
  759 1.549459e+00     0
  760 1.549434e+00     0
  761 1.549409e+00     0
  762 1.549384e+00     0
  763 1.549359e+00     0
  764 1.549334e+00     0
  765 1.549310e+00     0
  766 1.549285e+00     0
  767 1.549261e+00     0
  768 1.549236e+00     0
  769 1.549212e+00     0
  770 1.549188e+00     0
  771 1.549164e+00     0
  772 1.549140e+00     0
  773 1.549116e+00     0
  774 1.549093e+00     0
  775 1.549069e+00     0
  776 1.549046e+00     0
  777 1.549022e+00     0
  778 1.548999e+00     0
  779 1.548976e+00     0
  780 1.548953e+00     0
  781 1.548930e+00     0
  782 1.548907e+00     0
  783 1.548885e+00     0
  784 1.548862e+00     0
  785 1.548839e+00     0
  786 1.548817e+00     0
  787 1.548795e+00     0
  788 1.548772e+00     0
  789 1.548750e+00     0
  790 1.548728e+00     0
  791 1.548706e+00     0
  792 1.548685e+00     0
  793 1.548663e+00     0
  794 1.548641e+00     0
  795 1.548620e+00     0
  796 1.548598e+00     0
  797 1.548577e+00     0
  798 1.548556e+00     0
  799 1.548534e+00     0
  800 1.548513e+00     0
  801 1.548492e+00     0
  802 1.548471e+00     0
  803 1.548451e+00     0
  804 1.548430e+00     0
  805 1.548409e+00     0
  806 1.548389e+00     0
  807 1.548368e+00     0
  808 1.548348e+00     0
  809 1.548328e+00     0
  810 1.548307e+00     0
  811 1.548287e+00     0
  812 1.548267e+00     0
  813 1.548247e+00     0
  814 1.548228e+00     0
  815 1.548208e+00     0
  816 1.548188e+00     0
  817 1.548168e+00     0
  818 1.548149e+00     0
  819 1.548130e+00     0
  820 1.548110e+00     0
  821 1.548091e+00     0
  822 1.548072e+00     0
  823 1.548053e+00     0
  824 1.548034e+00     0
  825 1.548015e+00     0
  826 1.547996e+00     0
  827 1.547977e+00     0
  828 1.547958e+00     0
  829 1.547940e+00     0
  830 1.547921e+00     0
  831 1.547903e+00     0
  832 1.547884e+00     0
  833 1.547866e+00     0
  834 1.547848e+00     0
  835 1.547829e+00     0
  836 1.547811e+00     0
  837 1.547793e+00     0
  838 1.547775e+00     0
  839 1.547757e+00     0
  840 1.547740e+00     0
  841 1.547722e+00     0
  842 1.547704e+00     0
  843 1.547687e+00     0
  844 1.547669e+00     0
  845 1.547652e+00     0
  846 1.547634e+00     0
  847 1.547617e+00     0
  848 1.547600e+00     0
  849 1.547583e+00     0
  850 1.547565e+00     0
  851 1.547548e+00     0
  852 1.547531e+00     0
  853 1.547515e+00     0
  854 1.547498e+00     0
  855 1.547481e+00     0
  856 1.547464e+00     0
  857 1.547448e+00     0
  858 1.547431e+00     0
  859 1.547415e+00     0
  860 1.547398e+00     0
  861 1.547382e+00     0
  862 1.547366e+00     0
  863 1.547349e+00     0
  864 1.547333e+00     0
  865 1.547317e+00     0
  866 1.547301e+00     0
  867 1.547285e+00     0
  868 1.547269e+00     0
  869 1.547253e+00     0
  870 1.547237e+00     0
  871 1.547222e+00     0
  872 1.547206e+00     0
  873 1.547190e+00     0
  874 1.547175e+00     0
  875 1.547159e+00     0
  876 1.547144e+00     0
  877 1.547129e+00     0
  878 1.547113e+00     0
  879 1.547098e+00     0
  880 1.547083e+00     0
  881 1.547068e+00     0
  882 1.547053e+00     0
  883 1.547038e+00     0
  884 1.547023e+00     0
  885 1.547008e+00     0
  886 1.546993e+00     0
  887 1.546978e+00     0
  888 1.546964e+00     0
  889 1.546949e+00     0
  890 1.546934e+00     0
  891 1.546920e+00     0
  892 1.546905e+00     0
  893 1.546891e+00     0
  894 1.546876e+00     0
  895 1.546862e+00     0
  896 1.546848e+00     0
  897 1.546834e+00     0
  898 1.546819e+00     0
  899 1.546805e+00     0
  900 1.546791e+00     0
  901 1.546777e+00     0
  902 1.546763e+00     0
  903 1.546749e+00     0
  904 1.546735e+00     0
  905 1.546722e+00     0
  906 1.546708e+00     0
  907 1.546694e+00     0
  908 1.546681e+00     0
  909 1.546667e+00     0
  910 1.546653e+00     0
  911 1.546640e+00     0
  912 1.546626e+00     0
  913 1.546613e+00     0
  914 1.546600e+00     0
  915 1.546586e+00     0
  916 1.546573e+00     0
  917 1.546560e+00     0
  918 1.546547e+00     0
  919 1.546534e+00     0
  920 1.546521e+00     0
  921 1.546508e+00     0
  922 1.546495e+00     0
  923 1.546482e+00     0
  924 1.546469e+00     0
  925 1.546456e+00     0
  926 1.546443e+00     0
  927 1.546431e+00     0
  928 1.546418e+00     0
  929 1.546405e+00     0
  930 1.546393e+00     0
  931 1.546380e+00     0
  932 1.546368e+00     0
  933 1.546355e+00     0
  934 1.546343e+00     0
  935 1.546330e+00     0
  936 1.546318e+00     0
  937 1.546306e+00     0
  938 1.546293e+00     0
  939 1.546281e+00     0
  940 1.546269e+00     0
  941 1.546257e+00     0
  942 1.546245e+00     0
  943 1.546233e+00     0
  944 1.546221e+00     0
  945 1.546209e+00     0
  946 1.546197e+00     0
  947 1.546185e+00     0
  948 1.546174e+00     0
  949 1.546162e+00     0
  950 1.546150e+00     0
  951 1.546138e+00     0
  952 1.546127e+00     0
  953 1.546115e+00     0
  954 1.546104e+00     0
  955 1.546092e+00     0
  956 1.546081e+00     0
  957 1.546069e+00     0
  958 1.546058e+00     0
  959 1.546046e+00     0
  960 1.546035e+00     0
  961 1.546024e+00     0
  962 1.546013e+00     0
  963 1.546001e+00     0
  964 1.545990e+00     0
  965 1.545979e+00     0
  966 1.545968e+00     0
  967 1.545957e+00     0
  968 1.545946e+00     0
  969 1.545935e+00     0
  970 1.545924e+00     0
  971 1.545913e+00     0
  972 1.545902e+00     0
  973 1.545892e+00     0
  974 1.545881e+00     0
  975 1.545870e+00     0
  976 1.545859e+00     0
  977 1.545849e+00     0
  978 1.545838e+00     0
  979 1.545827e+00     0
  980 1.545817e+00     0
  981 1.545806e+00     0
  982 1.545796e+00     0
  983 1.545785e+00     0
  984 1.545775e+00     0
  985 1.545765e+00     0
  986 1.545754e+00     0
  987 1.545744e+00     0
  988 1.545734e+00     0
  989 1.545723e+00     0
  990 1.545713e+00     0
  991 1.545703e+00     0
  992 1.545693e+00     0
  993 1.545683e+00     0
  994 1.545673e+00     0
  995 1.545663e+00     0
  996 1.545653e+00     0
  997 1.545643e+00     0
  998 1.545633e+00     0
  999 1.545623e+00     0
 1000 1.545613e+00     0
 1001 1.545603e+00     0
 1002 1.545593e+00     0
 1003 1.545584e+00     0
 1004 1.545574e+00     0
 1005 1.545564e+00     0
 1006 1.545554e+00     0
 1007 1.545545e+00     0
 1008 1.545535e+00     0
 1009 1.545526e+00     0
 1010 1.545516e+00     0
 1011 1.545507e+00     0
 1012 1.545497e+00     0
 1013 1.545488e+00     0
 1014 1.545478e+00     0
 1015 1.545469e+00     0
 1016 1.545459e+00     0
 1017 1.545450e+00     0
 1018 1.545441e+00     0
 1019 1.545432e+00     0
 1020 1.545422e+00     0
 1021 1.545413e+00     0
 1022 1.545404e+00     0
 1023 1.545395e+00     0
 1024 1.545386e+00     0
 1025 1.545377e+00     0
 1026 1.545368e+00     0
 1027 1.545358e+00     0
 1028 1.545349e+00     0
 1029 1.545340e+00     0
 1030 1.545332e+00     0
 1031 1.545323e+00     0
 1032 1.545314e+00     0
 1033 1.545305e+00     0
 1034 1.545296e+00     0
 1035 1.545287e+00     0
 1036 1.545278e+00     0
 1037 1.545270e+00     0
 1038 1.545261e+00     0
 1039 1.545252e+00     0
 1040 1.545244e+00     0
 1041 1.545235e+00     0
 1042 1.545226e+00     0
 1043 1.545218e+00     0
 1044 1.545209e+00     0
 1045 1.545201e+00     0
 1046 1.545192e+00     0
 1047 1.545184e+00     0
 1048 1.545175e+00     0
 1049 1.545167e+00     0
 1050 1.545158e+00     0
 1051 1.545150e+00     0
 1052 1.545142e+00     0
 1053 1.545133e+00     0
 1054 1.545125e+00     0
 1055 1.545117e+00     0
 1056 1.545109e+00     0
 1057 1.545100e+00     0
 1058 1.545092e+00     0
 1059 1.545084e+00     0
 1060 1.545076e+00     0
 1061 1.545068e+00     0
 1062 1.545060e+00     0
 1063 1.545052e+00     0
 1064 1.545044e+00     0
 1065 1.545036e+00     0
 1066 1.545028e+00     0
 1067 1.545020e+00     0
 1068 1.545012e+00     0
 1069 1.545004e+00     0
 1070 1.544996e+00     0
 1071 1.544988e+00     0
 1072 1.544980e+00     0
 1073 1.544972e+00     0
 1074 1.544965e+00     0
 1075 1.544957e+00     0
 1076 1.544949e+00     0
 1077 1.544941e+00     0
 1078 1.544934e+00     0
 1079 1.544926e+00     0
 1080 1.544918e+00     0
 1081 1.544911e+00     0
 1082 1.544903e+00     0
 1083 1.544896e+00     0
 1084 1.544888e+00     0
 1085 1.544881e+00     0
 1086 1.544873e+00     0
 1087 1.544866e+00     0
 1088 1.544858e+00     0
 1089 1.544851e+00     0
 1090 1.544843e+00     0
 1091 1.544836e+00     0
 1092 1.544828e+00     0
 1093 1.544821e+00     0
 1094 1.544814e+00     0
 1095 1.544806e+00     0
 1096 1.544799e+00     0
 1097 1.544792e+00     0
 1098 1.544785e+00     0
 1099 1.544777e+00     0
 1100 1.544770e+00     0
 1101 1.544763e+00     0
 1102 1.544756e+00     0
 1103 1.544749e+00     0
 1104 1.544742e+00     0
 1105 1.544734e+00     0
 1106 1.544727e+00     0
 1107 1.544720e+00     0
 1108 1.544713e+00     0
 1109 1.544706e+00     0
 1110 1.544699e+00     0
 1111 1.544692e+00     0
 1112 1.544685e+00     0
 1113 1.544678e+00     0
 1114 1.544672e+00     0
 1115 1.544665e+00     0
 1116 1.544658e+00     0
 1117 1.544651e+00     0
 1118 1.544644e+00     0
 1119 1.544637e+00     0
 1120 1.544631e+00     0
 1121 1.544624e+00     0
 1122 1.544617e+00     0
 1123 1.544610e+00     0
 1124 1.544604e+00     0
 1125 1.544597e+00     0
 1126 1.544590e+00     0
 1127 1.544584e+00     0
 1128 1.544577e+00     0
 1129 1.544570e+00     0
 1130 1.544564e+00     0
 1131 1.544557e+00     0
 1132 1.544551e+00     0
 1133 1.544544e+00     0
 1134 1.544538e+00     0
 1135 1.544531e+00     0
 1136 1.544525e+00     0
 1137 1.544518e+00     0
 1138 1.544512e+00     0
 1139 1.544505e+00     0
 1140 1.544499e+00     0
 1141 1.544492e+00     0
 1142 1.544486e+00     0
 1143 1.544480e+00     0
 1144 1.544473e+00     0
 1145 1.544467e+00     0
 1146 1.544461e+00     0
 1147 1.544454e+00     0
 1148 1.544448e+00     0
 1149 1.544442e+00     0
 1150 1.544436e+00     0
 1151 1.544430e+00     0
 1152 1.544423e+00     0
 1153 1.544417e+00     0
 1154 1.544411e+00     0
 1155 1.544405e+00     0
 1156 1.544399e+00     0
 1157 1.544393e+00     0
 1158 1.544387e+00     0
 1159 1.544380e+00     0
 1160 1.544374e+00     0
 1161 1.544368e+00     0
 1162 1.544362e+00     0
 1163 1.544356e+00     0
 1164 1.544350e+00     0
 1165 1.544344e+00     0
 1166 1.544338e+00     0
 1167 1.544333e+00     0
 1168 1.544327e+00     0
 1169 1.544321e+00     0
 1170 1.544315e+00     0
 1171 1.544309e+00     0
 1172 1.544303e+00     0
 1173 1.544297e+00     0
 1174 1.544291e+00     0
 1175 1.544286e+00     0
 1176 1.544280e+00     0
 1177 1.544274e+00     0
 1178 1.544268e+00     0
 1179 1.544263e+00     0
 1180 1.544257e+00     0
 1181 1.544251e+00     0
 1182 1.544245e+00     0
 1183 1.544240e+00     0
 1184 1.544234e+00     0
 1185 1.544228e+00     0
 1186 1.544223e+00     0
 1187 1.544217e+00     0
 1188 1.544212e+00     0
 1189 1.544206e+00     0
 1190 1.544200e+00     0
 1191 1.544195e+00     0
 1192 1.544189e+00     0
 1193 1.544184e+00     0
 1194 1.544178e+00     0
 1195 1.544173e+00     0
 1196 1.544167e+00     0
 1197 1.544162e+00     0
 1198 1.544156e+00     0
 1199 1.544151e+00     0
 1200 1.544146e+00     0
 1201 1.544140e+00     0
 1202 1.544135e+00     0
 1203 1.544129e+00     0
 1204 1.544124e+00     0
 1205 1.544119e+00     0
 1206 1.544113e+00     0
 1207 1.544108e+00     0
 1208 1.544103e+00     0
 1209 1.544097e+00     0
 1210 1.544092e+00     0
 1211 1.544087e+00     0
 1212 1.544082e+00     0
 1213 1.544076e+00     0
 1214 1.544071e+00     0
 1215 1.544066e+00     0
 1216 1.544061e+00     0
 1217 1.544056e+00     0
 1218 1.544050e+00     0
 1219 1.544045e+00     0
 1220 1.544040e+00     0
 1221 1.544035e+00     0
 1222 1.544030e+00     0
 1223 1.544025e+00     0
 1224 1.544020e+00     0
 1225 1.544015e+00     0
 1226 1.544010e+00     0
 1227 1.544005e+00     0
 1228 1.543999e+00     0
 1229 1.543994e+00     0
 1230 1.543989e+00     0
 1231 1.543984e+00     0
 1232 1.543979e+00     0
 1233 1.543975e+00     0
 1234 1.543970e+00     0
 1235 1.543965e+00     0
 1236 1.543960e+00     0
 1237 1.543955e+00     0
 1238 1.543950e+00     0
 1239 1.543945e+00     0
 1240 1.543940e+00     0
 1241 1.543935e+00     0
 1242 1.543930e+00     0
 1243 1.543926e+00     0
 1244 1.543921e+00     0
 1245 1.543916e+00     0
 1246 1.543911e+00     0
 1247 1.543906e+00     0
 1248 1.543902e+00     0
 1249 1.543897e+00     0
 1250 1.543892e+00     0
 1251 1.543887e+00     0
 1252 1.543883e+00     0
 1253 1.543878e+00     0
 1254 1.543873e+00     0
 1255 1.543868e+00     0
 1256 1.543864e+00     0
 1257 1.543859e+00     0
 1258 1.543854e+00     0
 1259 1.543850e+00     0
 1260 1.543845e+00     0
 1261 1.543841e+00     0
 1262 1.543836e+00     0
 1263 1.543831e+00     0
 1264 1.543827e+00     0
 1265 1.543822e+00     0
 1266 1.543818e+00     0
 1267 1.543813e+00     0
 1268 1.543809e+00     0
 1269 1.543804e+00     0
 1270 1.543800e+00     0
 1271 1.543795e+00     0
 1272 1.543791e+00     0
 1273 1.543786e+00     0
 1274 1.543782e+00     0
 1275 1.543777e+00     0
 1276 1.543773e+00     0
 1277 1.543768e+00     0
 1278 1.543764e+00     0
 1279 1.543759e+00     0
 1280 1.543755e+00     0
 1281 1.543751e+00     0
 1282 1.543746e+00     0
 1283 1.543742e+00     0
 1284 1.543738e+00     0
 1285 1.543733e+00     0
 1286 1.543729e+00     0
 1287 1.543725e+00     0
 1288 1.543720e+00     0
 1289 1.543716e+00     0
 1290 1.543712e+00     0
 1291 1.543707e+00     0
 1292 1.543703e+00     0
 1293 1.543699e+00     0
 1294 1.543695e+00     0
 1295 1.543690e+00     0
 1296 1.543686e+00     0
 1297 1.543682e+00     0
 1298 1.543678e+00     0
 1299 1.543673e+00     0
 1300 1.543669e+00     0
 1301 1.543665e+00     0
 1302 1.543661e+00     0
 1303 1.543657e+00     0
 1304 1.543653e+00     0
 1305 1.543648e+00     0
 1306 1.543644e+00     0
 1307 1.543640e+00     0
 1308 1.543636e+00     0
 1309 1.543632e+00     0
 1310 1.543628e+00     0
 1311 1.543624e+00     0
 1312 1.543620e+00     0
 1313 1.543616e+00     0
 1314 1.543612e+00     0
 1315 1.543608e+00     0
 1316 1.543604e+00     0
 1317 1.543600e+00     0
 1318 1.543596e+00     0
 1319 1.543592e+00     0
 1320 1.543588e+00     0
 1321 1.543584e+00     0
 1322 1.543580e+00     0
 1323 1.543576e+00     0
 1324 1.543572e+00     0
 1325 1.543568e+00     0
 1326 1.543564e+00     0
 1327 1.543560e+00     0
 1328 1.543556e+00     0
 1329 1.543552e+00     0
 1330 1.543548e+00     0
 1331 1.543544e+00     0
 1332 1.543541e+00     0
 1333 1.543537e+00     0
 1334 1.543533e+00     0
 1335 1.543529e+00     0
 1336 1.543525e+00     0
 1337 1.543521e+00     0
 1338 1.543517e+00     0
 1339 1.543514e+00     0
 1340 1.543510e+00     0
 1341 1.543506e+00     0
 1342 1.543502e+00     0
 1343 1.543498e+00     0
 1344 1.543495e+00     0
 1345 1.543491e+00     0
 1346 1.543487e+00     0
 1347 1.543483e+00     0
 1348 1.543480e+00     0
 1349 1.543476e+00     0
 1350 1.543472e+00     0
 1351 1.543469e+00     0
 1352 1.543465e+00     0
 1353 1.543461e+00     0
 1354 1.543458e+00     0
 1355 1.543454e+00     0
 1356 1.543450e+00     0
 1357 1.543447e+00     0
 1358 1.543443e+00     0
 1359 1.543439e+00     0
 1360 1.543436e+00     0
 1361 1.543432e+00     0
 1362 1.543428e+00     0
 1363 1.543425e+00     0
 1364 1.543421e+00     0
 1365 1.543418e+00     0
 1366 1.543414e+00     0
 1367 1.543411e+00     0
 1368 1.543407e+00     0
 1369 1.543403e+00     0
 1370 1.543400e+00     0
 1371 1.543396e+00     0
 1372 1.543393e+00     0
 1373 1.543389e+00     0
 1374 1.543386e+00     0
 1375 1.543382e+00     0
 1376 1.543379e+00     0
 1377 1.543375e+00     0
 1378 1.543372e+00     0
 1379 1.543368e+00     0
 1380 1.543365e+00     0
 1381 1.543362e+00     0
 1382 1.543358e+00     0
 1383 1.543355e+00     0
 1384 1.543351e+00     0
 1385 1.543348e+00     0
 1386 1.543344e+00     0
 1387 1.543341e+00     0
 1388 1.543338e+00     0
 1389 1.543334e+00     0
 1390 1.543331e+00     0
 1391 1.543327e+00     0
 1392 1.543324e+00     0
 1393 1.543321e+00     0
 1394 1.543317e+00     0
 1395 1.543314e+00     0
 1396 1.543311e+00     0
 1397 1.543307e+00     0
 1398 1.543304e+00     0
 1399 1.543301e+00     0
 1400 1.543297e+00     0
 1401 1.543294e+00     0
 1402 1.543291e+00     0
 1403 1.543288e+00     0
 1404 1.543284e+00     0
 1405 1.543281e+00     0
 1406 1.543278e+00     0
 1407 1.543275e+00     0
 1408 1.543271e+00     0
 1409 1.543268e+00     0
 1410 1.543265e+00     0
 1411 1.543262e+00     0
 1412 1.543258e+00     0
 1413 1.543255e+00     0
 1414 1.543252e+00     0
 1415 1.543249e+00     0
 1416 1.543246e+00     0
 1417 1.543242e+00     0
 1418 1.543239e+00     0
 1419 1.543236e+00     0
 1420 1.543233e+00     0
 1421 1.543230e+00     0
 1422 1.543227e+00     0
 1423 1.543223e+00     0
 1424 1.543220e+00     0
 1425 1.543217e+00     0
 1426 1.543214e+00     0
 1427 1.543211e+00     0
 1428 1.543208e+00     0
 1429 1.543205e+00     0
 1430 1.543202e+00     0
 1431 1.543199e+00     0
 1432 1.543196e+00     0
 1433 1.543192e+00     0
 1434 1.543189e+00     0
 1435 1.543186e+00     0
 1436 1.543183e+00     0
 1437 1.543180e+00     0
 1438 1.543177e+00     0
 1439 1.543174e+00     0
 1440 1.543171e+00     0
 1441 1.543168e+00     0
 1442 1.543165e+00     0
 1443 1.543162e+00     0
 1444 1.543159e+00     0
 1445 1.543156e+00     0
 1446 1.543153e+00     0
 1447 1.543150e+00     0
 1448 1.543147e+00     0
 1449 1.543144e+00     0
 1450 1.543141e+00     0
 1451 1.543138e+00     0
 1452 1.543135e+00     0
 1453 1.543132e+00     0
 1454 1.543130e+00     0
 1455 1.543127e+00     0
 1456 1.543124e+00     0
 1457 1.543121e+00     0
 1458 1.543118e+00     0
 1459 1.543115e+00     0
 1460 1.543112e+00     0
 1461 1.543109e+00     0
 1462 1.543106e+00     0
 1463 1.543103e+00     0
 1464 1.543101e+00     0
 1465 1.543098e+00     0
 1466 1.543095e+00     0
 1467 1.543092e+00     0
 1468 1.543089e+00     0
 1469 1.543086e+00     0
 1470 1.543084e+00     0
 1471 1.543081e+00     0
 1472 1.543078e+00     0
 1473 1.543075e+00     0
 1474 1.543072e+00     0
 1475 1.543069e+00     0
 1476 1.543067e+00     0
 1477 1.543064e+00     0
 1478 1.543061e+00     0
 1479 1.543058e+00     0
 1480 1.543056e+00     0
 1481 1.543053e+00     0
 1482 1.543050e+00     0
 1483 1.543047e+00     0
 1484 1.543045e+00     0
 1485 1.543042e+00     0
 1486 1.543039e+00     0
 1487 1.543036e+00     0
 1488 1.543034e+00     0
 1489 1.543031e+00     0
 1490 1.543028e+00     0
 1491 1.543025e+00     0
 1492 1.543023e+00     0
 1493 1.543020e+00     0
 1494 1.543017e+00     0
 1495 1.543015e+00     0
 1496 1.543012e+00     0
 1497 1.543009e+00     0
 1498 1.543007e+00     0
 1499 1.543004e+00     0
 1500 1.543001e+00     0
 1501 1.542999e+00     0
 1502 1.542996e+00     0
 1503 1.542993e+00     0
 1504 1.542991e+00     0
 1505 1.542988e+00     0
 1506 1.542986e+00     0
 1507 1.542983e+00     0
 1508 1.542980e+00     0
 1509 1.542978e+00     0
 1510 1.542975e+00     0
 1511 1.542973e+00     0
 1512 1.542970e+00     0
 1513 1.542967e+00     0
 1514 1.542965e+00     0
 1515 1.542962e+00     0
 1516 1.542960e+00     0
 1517 1.542957e+00     0
 1518 1.542955e+00     0
 1519 1.542952e+00     0
 1520 1.542949e+00     0
 1521 1.542947e+00     0
 1522 1.542944e+00     0
 1523 1.542942e+00     0
 1524 1.542939e+00     0
 1525 1.542937e+00     0
 1526 1.542934e+00     0
 1527 1.542932e+00     0
 1528 1.542929e+00     0
 1529 1.542927e+00     0
 1530 1.542924e+00     0
 1531 1.542922e+00     0
 1532 1.542919e+00     0
 1533 1.542917e+00     0
 1534 1.542914e+00     0
 1535 1.542912e+00     0
 1536 1.542909e+00     0
 1537 1.542907e+00     0
 1538 1.542905e+00     0
 1539 1.542902e+00     0
 1540 1.542900e+00     0
 1541 1.542897e+00     0
 1542 1.542895e+00     0
 1543 1.542892e+00     0
 1544 1.542890e+00     0
 1545 1.542888e+00     0
 1546 1.542885e+00     0
 1547 1.542883e+00     0
 1548 1.542880e+00     0
 1549 1.542878e+00     0
 1550 1.542875e+00     0
 1551 1.542873e+00     0
 1552 1.542871e+00     0
 1553 1.542868e+00     0
 1554 1.542866e+00     0
 1555 1.542864e+00     0
 1556 1.542861e+00     0
 1557 1.542859e+00     0
 1558 1.542857e+00     0
 1559 1.542854e+00     0
 1560 1.542852e+00     0
 1561 1.542849e+00     0
 1562 1.542847e+00     0
 1563 1.542845e+00     0
 1564 1.542842e+00     0
 1565 1.542840e+00     0
 1566 1.542838e+00     0
 1567 1.542836e+00     0
 1568 1.542833e+00     0
 1569 1.542831e+00     0
 1570 1.542829e+00     0
 1571 1.542826e+00     0
 1572 1.542824e+00     0
 1573 1.542822e+00     0
 1574 1.542819e+00     0
 1575 1.542817e+00     0
 1576 1.542815e+00     0
 1577 1.542813e+00     0
 1578 1.542810e+00     0
 1579 1.542808e+00     0
 1580 1.542806e+00     0
 1581 1.542804e+00     0
 1582 1.542801e+00     0
 1583 1.542799e+00     0
 1584 1.542797e+00     0
 1585 1.542795e+00     0
 1586 1.542792e+00     0
 1587 1.542790e+00     0
 1588 1.542788e+00     0
 1589 1.542786e+00     0
 1590 1.542784e+00     0
 1591 1.542781e+00     0
 1592 1.542779e+00     0
 1593 1.542777e+00     0
 1594 1.542775e+00     0
 1595 1.542773e+00     0
 1596 1.542770e+00     0
 1597 1.542768e+00     0
 1598 1.542766e+00     0
 1599 1.542764e+00     0
 1600 1.542762e+00     0
 1601 1.542760e+00     0
 1602 1.542757e+00     0
 1603 1.542755e+00     0
 1604 1.542753e+00     0
 1605 1.542751e+00     0
 1606 1.542749e+00     0
 1607 1.542747e+00     0
 1608 1.542745e+00     0
 1609 1.542742e+00     0
 1610 1.542740e+00     0
 1611 1.542738e+00     0
 1612 1.542736e+00     0
 1613 1.542734e+00     0
 1614 1.542732e+00     0
 1615 1.542730e+00     0
 1616 1.542728e+00     0
 1617 1.542726e+00     0
 1618 1.542723e+00     0
 1619 1.542721e+00     0
 1620 1.542719e+00     0
 1621 1.542717e+00     0
 1622 1.542715e+00     0
 1623 1.542713e+00     0
 1624 1.542711e+00     0
 1625 1.542709e+00     0
 1626 1.542707e+00     0
 1627 1.542705e+00     0
 1628 1.542703e+00     0
 1629 1.542701e+00     0
 1630 1.542699e+00     0
 1631 1.542697e+00     0
 1632 1.542695e+00     0
 1633 1.542693e+00     0
 1634 1.542691e+00     0
 1635 1.542689e+00     0
 1636 1.542687e+00     0
 1637 1.542685e+00     0
 1638 1.542683e+00     0
 1639 1.542680e+00     0
 1640 1.542678e+00     0
 1641 1.542676e+00     0
 1642 1.542674e+00     0
 1643 1.542673e+00     0
 1644 1.542671e+00     0
 1645 1.542669e+00     0
 1646 1.542667e+00     0
 1647 1.542665e+00     0
 1648 1.542663e+00     0
 1649 1.542661e+00     0
 1650 1.542659e+00     0
 1651 1.542657e+00     0
 1652 1.542655e+00     0
 1653 1.542653e+00     0
 1654 1.542651e+00     0
 1655 1.542649e+00     0
 1656 1.542647e+00     0
 1657 1.542645e+00     0
 1658 1.542643e+00     0
 1659 1.542641e+00     0
 1660 1.542639e+00     0
 1661 1.542637e+00     0
 1662 1.542635e+00     0
 1663 1.542633e+00     0
 1664 1.542632e+00     0
 1665 1.542630e+00     0
 1666 1.542628e+00     0
 1667 1.542626e+00     0
 1668 1.542624e+00     0
 1669 1.542622e+00     0
 1670 1.542620e+00     0
 1671 1.542618e+00     0
 1672 1.542616e+00     0
 1673 1.542614e+00     0
 1674 1.542613e+00     0
 1675 1.542611e+00     0
 1676 1.542609e+00     0
 1677 1.542607e+00     0
 1678 1.542605e+00     0
 1679 1.542603e+00     0
 1680 1.542601e+00     0
 1681 1.542600e+00     0
 1682 1.542598e+00     0
 1683 1.542596e+00     0
 1684 1.542594e+00     0
 1685 1.542592e+00     0
 1686 1.542590e+00     0
 1687 1.542588e+00     0
 1688 1.542587e+00     0
 1689 1.542585e+00     0
 1690 1.542583e+00     0
 1691 1.542581e+00     0
 1692 1.542579e+00     0
 1693 1.542578e+00     0
 1694 1.542576e+00     0
 1695 1.542574e+00     0
 1696 1.542572e+00     0
 1697 1.542570e+00     0
 1698 1.542569e+00     0
 1699 1.542567e+00     0
 1700 1.542565e+00     0
 1701 1.542563e+00     0
 1702 1.542561e+00     0
 1703 1.542560e+00     0
 1704 1.542558e+00     0
 1705 1.542556e+00     0
 1706 1.542554e+00     0
 1707 1.542552e+00     0
 1708 1.542551e+00     0
 1709 1.542549e+00     0
 1710 1.542547e+00     0
 1711 1.542545e+00     0
 1712 1.542544e+00     0
 1713 1.542542e+00     0
 1714 1.542540e+00     0
 1715 1.542538e+00     0
 1716 1.542537e+00     0
 1717 1.542535e+00     0
 1718 1.542533e+00     0
 1719 1.542532e+00     0
 1720 1.542530e+00     0
 1721 1.542528e+00     0
 1722 1.542526e+00     0
 1723 1.542525e+00     0
 1724 1.542523e+00     0
 1725 1.542521e+00     0
 1726 1.542519e+00     0
 1727 1.542518e+00     0
 1728 1.542516e+00     0
 1729 1.542514e+00     0
 1730 1.542513e+00     0
 1731 1.542511e+00     0
 1732 1.542509e+00     0
 1733 1.542508e+00     0
 1734 1.542506e+00     0
 1735 1.542504e+00     0
 1736 1.542503e+00     0
 1737 1.542501e+00     0
 1738 1.542499e+00     0
 1739 1.542498e+00     0
 1740 1.542496e+00     0
 1741 1.542494e+00     0
 1742 1.542493e+00     0
 1743 1.542491e+00     0
 1744 1.542489e+00     0
 1745 1.542488e+00     0
 1746 1.542486e+00     0
 1747 1.542484e+00     0
 1748 1.542483e+00     0
 1749 1.542481e+00     0
 1750 1.542479e+00     0
