  500 2.732610e+00     0
  501 2.730526e+00     0
  502 2.728466e+00     0
  503 2.726431e+00     0
  504 2.724420e+00     0
  505 2.722432e+00     0
  506 2.720467e+00     0
  507 2.718526e+00     0
  508 2.716606e+00     0
  509 2.714709e+00     0
  510 2.712834e+00     0
  511 2.710980e+00     0
  512 2.709146e+00     0
  513 2.707334e+00     0
  514 2.705541e+00     0
  515 2.703768e+00     0
  516 2.702015e+00     0
  517 2.700281e+00     0
  518 2.698565e+00     0
  519 2.696867e+00     0
  520 2.695188e+00     0
  521 2.693526e+00     0
  522 2.691881e+00     0
  523 2.690253e+00     0
  524 2.688643e+00     0
  525 2.687048e+00     0
  526 2.685470e+00     0
  527 2.683909e+00     0
  528 2.682363e+00     0
  529 2.680833e+00     0
  530 2.679318e+00     0
  531 2.677819e+00     0
  532 2.676335e+00     0
  533 2.674866e+00     0
  534 2.673412e+00     0
  535 2.671972e+00     0
  536 2.670546e+00     0
  537 2.669134e+00     0
  538 2.667737e+00     0
  539 2.666353e+00     0
  540 2.664982e+00     0
  541 2.663624e+00     0
  542 2.662280e+00     0
  543 2.660948e+00     0
  544 2.659630e+00     0
  545 2.658323e+00     0
  546 2.657029e+00     0
  547 2.655748e+00     0
  548 2.654478e+00     0
  549 2.653221e+00     0
  550 2.651975e+00     0
  551 2.650741e+00     0
  552 2.649518e+00     0
  553 2.648307e+00     0
  554 2.647106e+00     0
  555 2.645917e+00     0
  556 2.644739e+00     0
  557 2.643571e+00     0
  558 2.642414e+00     0
  559 2.641267e+00     0
  560 2.640130e+00     0
  561 2.639004e+00     0
  562 2.637887e+00     0
  563 2.636780e+00     0
  564 2.635683e+00     0
  565 2.634596e+00     0
  566 2.633518e+00     0
  567 2.632449e+00     0
  568 2.631390e+00     0
  569 2.630340e+00     0
  570 2.629299e+00     0
  571 2.628266e+00     0
  572 2.627243e+00     0
  573 2.626229e+00     0
  574 2.625223e+00     0
  575 2.624225e+00     0
  576 2.623236e+00     0
  577 2.622255e+00     0
  578 2.621283e+00     0
  579 2.620318e+00     0
  580 2.619362e+00     0
  581 2.618413e+00     0
  582 2.617472e+00     0
  583 2.616539e+00     0
  584 2.615614e+00     0
  585 2.614696e+00     0
  586 2.613785e+00     0
  587 2.612882e+00     0
  588 2.611986e+00     0
  589 2.611097e+00     0
  590 2.610216e+00     0
  591 2.609341e+00     0
  592 2.608474e+00     0
  593 2.607613e+00     0
  594 2.606759e+00     0
  595 2.605912e+00     0
  596 2.605071e+00     0
  597 2.604238e+00     0
  598 2.603410e+00     0
  599 2.602589e+00     0
  600 2.601774e+00     0
  601 2.600966e+00     0
  602 2.600164e+00     0
  603 2.599368e+00     0
  604 2.598578e+00     0
  605 2.597794e+00     0
  606 2.597016e+00     0
  607 2.596243e+00     0
  608 2.595477e+00     0
  609 2.594716e+00     0
  610 2.593961e+00     0
  611 2.593212e+00     0
  612 2.592468e+00     0
  613 2.591730e+00     0
  614 2.590998e+00     0
  615 2.590270e+00     0
  616 2.589548e+00     0
  617 2.588832e+00     0
  618 2.588120e+00     0
  619 2.587414e+00     0
  620 2.586713e+00     0
  621 2.586017e+00     0
  622 2.585326e+00     0
  623 2.584639e+00     0
  624 2.583958e+00     0
  625 2.583282e+00     0
  626 2.582610e+00     0
  627 2.581943e+00     0
  628 2.581281e+00     0
  629 2.580624e+00     0
  630 2.579971e+00     0
  631 2.579323e+00     0
  632 2.578679e+00     0
  633 2.578040e+00     0
  634 2.577405e+00     0
  635 2.576775e+00     0
  636 2.576149e+00     0
  637 2.575528e+00     0
  638 2.574910e+00     0
  639 2.574297e+00     0
  640 2.573688e+00     0
  641 2.573083e+00     0
  642 2.572483e+00     0
  643 2.571886e+00     0
  644 2.571293e+00     0
  645 2.570705e+00     0
  646 2.570120e+00     0
  647 2.569539e+00     0
  648 2.568962e+00     0
  649 2.568389e+00     0
  650 2.567820e+00     0
  651 2.567254e+00     0
  652 2.566693e+00     0
  653 2.566135e+00     0
  654 2.565580e+00     0
  655 2.565029e+00     0
  656 2.564482e+00     0
  657 2.563939e+00     0
  658 2.563399e+00     0
  659 2.562862e+00     0
  660 2.562329e+00     0
  661 2.561799e+00     0
  662 2.561273e+00     0
  663 2.560750e+00     0
  664 2.560231e+00     0
  665 2.559714e+00     0
  666 2.559201e+00     0
  667 2.558692e+00     0
  668 2.558185e+00     0
  669 2.557682e+00     0
  670 2.557182e+00     0
  671 2.556685e+00     0
  672 2.556191e+00     0
  673 2.555700e+00     0
  674 2.555212e+00     0
  675 2.554727e+00     0
  676 2.554246e+00     0
  677 2.553767e+00     0
  678 2.553291e+00     0
  679 2.552818e+00     0
  680 2.552348e+00     0
  681 2.551881e+00     0
  682 2.551417e+00     0
  683 2.550955e+00     0
  684 2.550497e+00     0
  685 2.550041e+00     0
  686 2.549588e+00     0
  687 2.549137e+00     0
  688 2.548690e+00     0
  689 2.548245e+00     0
  690 2.547802e+00     0
  691 2.547363e+00     0
  692 2.546926e+00     0
  693 2.546491e+00     0
  694 2.546059e+00     0
  695 2.545630e+00     0
  696 2.545203e+00     0
  697 2.544779e+00     0
  698 2.544357e+00     0
  699 2.543937e+00     0
  700 2.543520e+00     0
  701 2.543106e+00     0
  702 2.542694e+00     0
  703 2.542284e+00     0
  704 2.541877e+00     0
  705 2.541472e+00     0
  706 2.541069e+00     0
  707 2.540669e+00     0
  708 2.540270e+00     0
  709 2.539875e+00     0
  710 2.539481e+00     0
  711 2.539090e+00     0
  712 2.538701e+00     0
  713 2.538314e+00     0
  714 2.537929e+00     0
  715 2.537546e+00     0
  716 2.537166e+00     0
  717 2.536788e+00     0
  718 2.536412e+00     0
  719 2.536038e+00     0
  720 2.535666e+00     0
  721 2.535296e+00     0
  722 2.534928e+00     0
  723 2.534562e+00     0
  724 2.534198e+00     0
  725 2.533836e+00     0
  726 2.533477e+00     0
  727 2.533119e+00     0
  728 2.532763e+00     0
  729 2.532409e+00     0
  730 2.532057e+00     0
  731 2.531707e+00     0
  732 2.531359e+00     0
  733 2.531012e+00     0
  734 2.530668e+00     0
  735 2.530325e+00     0
  736 2.529984e+00     0
  737 2.529645e+00     0
  738 2.529308e+00     0
  739 2.528973e+00     0
  740 2.528639e+00     0
  741 2.528308e+00     0
  742 2.527978e+00     0
  743 2.527649e+00     0
  744 2.527323e+00     0
  745 2.526998e+00     0
  746 2.526675e+00     0
  747 2.526354e+00     0
  748 2.526034e+00     0
  749 2.525716e+00     0
  750 2.525399e+00     0
  751 2.525085e+00     0
  752 2.524771e+00     0
  753 2.524460e+00     0
  754 2.524150e+00     0
  755 2.523842e+00     0
  756 2.523535e+00     0
  757 2.523230e+00     0
  758 2.522926e+00     0
  759 2.522624e+00     0
  760 2.522324e+00     0
  761 2.522025e+00     0
  762 2.521728e+00     0
  763 2.521432e+00     0
  764 2.521137e+00     0
  765 2.520844e+00     0
  766 2.520553e+00     0
  767 2.520263e+00     0
  768 2.519974e+00     0
  769 2.519687e+00     0
  770 2.519402e+00     0
  771 2.519117e+00     0
  772 2.518835e+00     0
  773 2.518553e+00     0
  774 2.518273e+00     0
  775 2.517995e+00     0
  776 2.517717e+00     0
  777 2.517442e+00     0
  778 2.517167e+00     0
  779 2.516894e+00     0
  780 2.516622e+00     0
  781 2.516352e+00     0
  782 2.516083e+00     0
  783 2.515815e+00     0
  784 2.515548e+00     0
  785 2.515283e+00     0
  786 2.515019e+00     0
  787 2.514756e+00     0
  788 2.514495e+00     0
  789 2.514235e+00     0
  790 2.513976e+00     0
  791 2.513718e+00     0
  792 2.513462e+00     0
  793 2.513207e+00     0
  794 2.512953e+00     0
  795 2.512700e+00     0
  796 2.512448e+00     0
  797 2.512198e+00     0
  798 2.511949e+00     0
  799 2.511701e+00     0
  800 2.511454e+00     0
  801 2.511208e+00     0
  802 2.510964e+00     0
  803 2.510720e+00     0
  804 2.510478e+00     0
  805 2.510237e+00     0
  806 2.509997e+00     0
  807 2.509758e+00     0
  808 2.509520e+00     0
  809 2.509284e+00     0
  810 2.509048e+00     0
  811 2.508814e+00     0
  812 2.508580e+00     0
  813 2.508348e+00     0
  814 2.508117e+00     0
  815 2.507887e+00     0
  816 2.507658e+00     0
  817 2.507430e+00     0
  818 2.507203e+00     0
  819 2.506977e+00     0
  820 2.506752e+00     0
  821 2.506528e+00     0
  822 2.506305e+00     0
  823 2.506083e+00     0
  824 2.505862e+00     0
  825 2.505642e+00     0
  826 2.505423e+00     0
  827 2.505205e+00     0
  828 2.504988e+00     0
  829 2.504772e+00     0
  830 2.504557e+00     0
  831 2.504343e+00     0
  832 2.504130e+00     0
  833 2.503918e+00     0
  834 2.503707e+00     0
  835 2.503497e+00     0
  836 2.503287e+00     0
  837 2.503079e+00     0
  838 2.502871e+00     0
  839 2.502665e+00     0
  840 2.502459e+00     0
  841 2.502254e+00     0
  842 2.502050e+00     0
  843 2.501848e+00     0
  844 2.501645e+00     0
  845 2.501444e+00     0
  846 2.501244e+00     0
  847 2.501044e+00     0
  848 2.500846e+00     0
  849 2.500648e+00     0
  850 2.500451e+00     0
  851 2.500255e+00     0
  852 2.500060e+00     0
  853 2.499866e+00     0
  854 2.499672e+00     0
  855 2.499479e+00     0
  856 2.499287e+00     0
  857 2.499096e+00     0
  858 2.498906e+00     0
  859 2.498717e+00     0
  860 2.498528e+00     0
  861 2.498340e+00     0
  862 2.498153e+00     0
  863 2.497967e+00     0
  864 2.497782e+00     0
  865 2.497597e+00     0
  866 2.497413e+00     0
  867 2.497230e+00     0
  868 2.497048e+00     0
  869 2.496866e+00     0
  870 2.496685e+00     0
  871 2.496505e+00     0
  872 2.496326e+00     0
  873 2.496147e+00     0
  874 2.495969e+00     0
  875 2.495792e+00     0
  876 2.495616e+00     0
  877 2.495440e+00     0
  878 2.495265e+00     0
  879 2.495091e+00     0
  880 2.494918e+00     0
  881 2.494745e+00     0
  882 2.494573e+00     0
  883 2.494402e+00     0
  884 2.494231e+00     0
  885 2.494061e+00     0
  886 2.493892e+00     0
  887 2.493723e+00     0
  888 2.493555e+00     0
  889 2.493388e+00     0
  890 2.493222e+00     0
  891 2.493056e+00     0
  892 2.492891e+00     0
  893 2.492726e+00     0
  894 2.492562e+00     0
  895 2.492399e+00     0
  896 2.492236e+00     0
  897 2.492075e+00     0
  898 2.491913e+00     0
  899 2.491753e+00     0
  900 2.491593e+00     0
  901 2.491433e+00     0
  902 2.491275e+00     0
  903 2.491117e+00     0
  904 2.490959e+00     0
  905 2.490802e+00     0
  906 2.490646e+00     0
  907 2.490491e+00     0
  908 2.490336e+00     0
  909 2.490181e+00     0
  910 2.490028e+00     0
  911 2.489875e+00     0
  912 2.489722e+00     0
  913 2.489570e+00     0
  914 2.489419e+00     0
  915 2.489268e+00     0
  916 2.489118e+00     0
  917 2.488968e+00     0
  918 2.488819e+00     0
  919 2.488671e+00     0
  920 2.488523e+00     0
  921 2.488376e+00     0
  922 2.488229e+00     0
  923 2.488083e+00     0
  924 2.487937e+00     0
  925 2.487792e+00     0
  926 2.487648e+00     0
  927 2.487504e+00     0
  928 2.487360e+00     0
  929 2.487218e+00     0
  930 2.487075e+00     0
  931 2.486934e+00     0
  932 2.486792e+00     0
  933 2.486652e+00     0
  934 2.486512e+00     0
  935 2.486372e+00     0
  936 2.486233e+00     0
  937 2.486094e+00     0
  938 2.485956e+00     0
  939 2.485819e+00     0
  940 2.485682e+00     0
  941 2.485545e+00     0
  942 2.485409e+00     0
  943 2.485274e+00     0
  944 2.485139e+00     0
  945 2.485005e+00     0
  946 2.484871e+00     0
  947 2.484737e+00     0
  948 2.484604e+00     0
  949 2.484472e+00     0
  950 2.484340e+00     0
  951 2.484208e+00     0
  952 2.484077e+00     0
  953 2.483947e+00     0
  954 2.483817e+00     0
  955 2.483687e+00     0
  956 2.483558e+00     0
  957 2.483430e+00     0
  958 2.483301e+00     0
  959 2.483174e+00     0
  960 2.483047e+00     0
  961 2.482920e+00     0
  962 2.482794e+00     0
  963 2.482668e+00     0
  964 2.482543e+00     0
  965 2.482418e+00     0
  966 2.482293e+00     0
  967 2.482169e+00     0
  968 2.482046e+00     0
  969 2.481923e+00     0
  970 2.481800e+00     0
  971 2.481678e+00     0
  972 2.481556e+00     0
  973 2.481435e+00     0
  974 2.481314e+00     0
  975 2.481193e+00     0
  976 2.481073e+00     0
  977 2.480954e+00     0
  978 2.480834e+00     0
  979 2.480716e+00     0
  980 2.480597e+00     0
  981 2.480479e+00     0
  982 2.480362e+00     0
  983 2.480245e+00     0
  984 2.480128e+00     0
  985 2.480012e+00     0
  986 2.479896e+00     0
  987 2.479781e+00     0
  988 2.479666e+00     0
  989 2.479551e+00     0
  990 2.479437e+00     0
  991 2.479323e+00     0
  992 2.479210e+00     0
  993 2.479097e+00     0
  994 2.478984e+00     0
  995 2.478872e+00     0
  996 2.478760e+00     0
  997 2.478648e+00     0
  998 2.478537e+00     0
  999 2.478427e+00     0
 1000 2.478316e+00     0
 1001 2.478206e+00     0
 1002 2.478097e+00     0
 1003 2.477988e+00     0
 1004 2.477879e+00     0
 1005 2.477771e+00     0
 1006 2.477662e+00     0
 1007 2.477555e+00     0
 1008 2.477448e+00     0
 1009 2.477341e+00     0
 1010 2.477234e+00     0
 1011 2.477128e+00     0
 1012 2.477022e+00     0
 1013 2.476916e+00     0
 1014 2.476811e+00     0
 1015 2.476707e+00     0
 1016 2.476602e+00     0
 1017 2.476498e+00     0
 1018 2.476394e+00     0
 1019 2.476291e+00     0
 1020 2.476188e+00     0
 1021 2.476085e+00     0
 1022 2.475983e+00     0
 1023 2.475881e+00     0
 1024 2.475780e+00     0
 1025 2.475678e+00     0
 1026 2.475577e+00     0
 1027 2.475477e+00     0
 1028 2.475376e+00     0
 1029 2.475276e+00     0
 1030 2.475177e+00     0
 1031 2.475078e+00     0
 1032 2.474979e+00     0
 1033 2.474880e+00     0
 1034 2.474782e+00     0
 1035 2.474684e+00     0
 1036 2.474586e+00     0
 1037 2.474489e+00     0
 1038 2.474392e+00     0
 1039 2.474295e+00     0
 1040 2.474199e+00     0
 1041 2.474103e+00     0
 1042 2.474007e+00     0
 1043 2.473912e+00     0
 1044 2.473817e+00     0
 1045 2.473722e+00     0
 1046 2.473627e+00     0
 1047 2.473533e+00     0
 1048 2.473439e+00     0
 1049 2.473346e+00     0
 1050 2.473253e+00     0
 1051 2.473160e+00     0
 1052 2.473067e+00     0
 1053 2.472975e+00     0
 1054 2.472883e+00     0
 1055 2.472791e+00     0
 1056 2.472699e+00     0
 1057 2.472608e+00     0
 1058 2.472517e+00     0
 1059 2.472427e+00     0
 1060 2.472337e+00     0
 1061 2.472247e+00     0
 1062 2.472157e+00     0
 1063 2.472067e+00     0
 1064 2.471978e+00     0
 1065 2.471890e+00     0
 1066 2.471801e+00     0
 1067 2.471713e+00     0
 1068 2.471625e+00     0
 1069 2.471537e+00     0
 1070 2.471450e+00     0
 1071 2.471362e+00     0
 1072 2.471275e+00     0
 1073 2.471189e+00     0
 1074 2.471103e+00     0
 1075 2.471016e+00     0
 1076 2.470931e+00     0
 1077 2.470845e+00     0
 1078 2.470760e+00     0
 1079 2.470675e+00     0
 1080 2.470590e+00     0
 1081 2.470506e+00     0
 1082 2.470422e+00     0
 1083 2.470338e+00     0
 1084 2.470254e+00     0
 1085 2.470171e+00     0
 1086 2.470088e+00     0
 1087 2.470005e+00     0
 1088 2.469922e+00     0
 1089 2.469840e+00     0
 1090 2.469758e+00     0
 1091 2.469676e+00     0
 1092 2.469594e+00     0
 1093 2.469513e+00     0
 1094 2.469432e+00     0
 1095 2.469351e+00     0
 1096 2.469270e+00     0
 1097 2.469190e+00     0
 1098 2.469110e+00     0
 1099 2.469030e+00     0
 1100 2.468950e+00     0
 1101 2.468871e+00     0
 1102 2.468792e+00     0
 1103 2.468713e+00     0
 1104 2.468634e+00     0
 1105 2.468556e+00     0
 1106 2.468478e+00     0
 1107 2.468400e+00     0
 1108 2.468322e+00     0
 1109 2.468245e+00     0
 1110 2.468167e+00     0
 1111 2.468090e+00     0
 1112 2.468014e+00     0
 1113 2.467937e+00     0
 1114 2.467861e+00     0
 1115 2.467785e+00     0
 1116 2.467709e+00     0
 1117 2.467633e+00     0
 1118 2.467558e+00     0
 1119 2.467483e+00     0
 1120 2.467408e+00     0
 1121 2.467333e+00     0
 1122 2.467259e+00     0
 1123 2.467185e+00     0
 1124 2.467111e+00     0
 1125 2.467037e+00     0
 1126 2.466963e+00     0
 1127 2.466890e+00     0
 1128 2.466817e+00     0
 1129 2.466744e+00     0
 1130 2.466671e+00     0
 1131 2.466599e+00     0
 1132 2.466526e+00     0
 1133 2.466454e+00     0
 1134 2.466382e+00     0
 1135 2.466311e+00     0
 1136 2.466239e+00     0
 1137 2.466168e+00     0
 1138 2.466097e+00     0
 1139 2.466026e+00     0
 1140 2.465956e+00     0
 1141 2.465885e+00     0
 1142 2.465815e+00     0
 1143 2.465745e+00     0
 1144 2.465675e+00     0
 1145 2.465606e+00     0
 1146 2.465536e+00     0
 1147 2.465467e+00     0
 1148 2.465398e+00     0
 1149 2.465329e+00     0
 1150 2.465261e+00     0
 1151 2.465193e+00     0
 1152 2.465124e+00     0
 1153 2.465056e+00     0
 1154 2.464989e+00     0
 1155 2.464921e+00     0
 1156 2.464854e+00     0
 1157 2.464787e+00     0
 1158 2.464720e+00     0
 1159 2.464653e+00     0
 1160 2.464586e+00     0
 1161 2.464520e+00     0
 1162 2.464453e+00     0
 1163 2.464387e+00     0
 1164 2.464322e+00     0
 1165 2.464256e+00     0
 1166 2.464190e+00     0
 1167 2.464125e+00     0
 1168 2.464060e+00     0
 1169 2.463995e+00     0
 1170 2.463930e+00     0
 1171 2.463866e+00     0
 1172 2.463802e+00     0
 1173 2.463737e+00     0
 1174 2.463673e+00     0
 1175 2.463610e+00     0
 1176 2.463546e+00     0
 1177 2.463482e+00     0
 1178 2.463419e+00     0
 1179 2.463356e+00     0
 1180 2.463293e+00     0
 1181 2.463230e+00     0
 1182 2.463168e+00     0
 1183 2.463105e+00     0
 1184 2.463043e+00     0
 1185 2.462981e+00     0
 1186 2.462919e+00     0
 1187 2.462858e+00     0
 1188 2.462796e+00     0
 1189 2.462735e+00     0
 1190 2.462674e+00     0
 1191 2.462613e+00     0
 1192 2.462552e+00     0
 1193 2.462491e+00     0
 1194 2.462431e+00     0
 1195 2.462370e+00     0
 1196 2.462310e+00     0
 1197 2.462250e+00     0
 1198 2.462190e+00     0
 1199 2.462130e+00     0
 1200 2.462071e+00     0
 1201 2.462012e+00     0
 1202 2.461952e+00     0
 1203 2.461893e+00     0
 1204 2.461835e+00     0
 1205 2.461776e+00     0
 1206 2.461717e+00     0
 1207 2.461659e+00     0
 1208 2.461601e+00     0
 1209 2.461543e+00     0
 1210 2.461485e+00     0
 1211 2.461427e+00     0
 1212 2.461370e+00     0
 1213 2.461312e+00     0
 1214 2.461255e+00     0
 1215 2.461198e+00     0
 1216 2.461141e+00     0
 1217 2.461084e+00     0
 1218 2.461027e+00     0
 1219 2.460971e+00     0
 1220 2.460914e+00     0
 1221 2.460858e+00     0
 1222 2.460802e+00     0
 1223 2.460746e+00     0
 1224 2.460691e+00     0
 1225 2.460635e+00     0
 1226 2.460580e+00     0
 1227 2.460524e+00     0
 1228 2.460469e+00     0
 1229 2.460414e+00     0
 1230 2.460359e+00     0
 1231 2.460305e+00     0
 1232 2.460250e+00     0
 1233 2.460196e+00     0
 1234 2.460141e+00     0
 1235 2.460087e+00     0
 1236 2.460033e+00     0
 1237 2.459980e+00     0
 1238 2.459926e+00     0
 1239 2.459872e+00     0
 1240 2.459819e+00     0
 1241 2.459766e+00     0
 1242 2.459713e+00     0
 1243 2.459660e+00     0
 1244 2.459607e+00     0
 1245 2.459554e+00     0
 1246 2.459501e+00     0
 1247 2.459449e+00     0
 1248 2.459397e+00     0
 1249 2.459345e+00     0
 1250 2.459293e+00     0
 1251 2.459241e+00     0
 1252 2.459189e+00     0
 1253 2.459137e+00     0
 1254 2.459086e+00     0
 1255 2.459035e+00     0
 1256 2.458983e+00     0
 1257 2.458932e+00     0
 1258 2.458881e+00     0
 1259 2.458831e+00     0
 1260 2.458780e+00     0
 1261 2.458729e+00     0
 1262 2.458679e+00     0
 1263 2.458629e+00     0
 1264 2.458579e+00     0
 1265 2.458529e+00     0
 1266 2.458479e+00     0
 1267 2.458429e+00     0
 1268 2.458379e+00     0
 1269 2.458330e+00     0
 1270 2.458280e+00     0
 1271 2.458231e+00     0
 1272 2.458182e+00     0
 1273 2.458133e+00     0
 1274 2.458084e+00     0
 1275 2.458036e+00     0
 1276 2.457987e+00     0
 1277 2.457938e+00     0
 1278 2.457890e+00     0
 1279 2.457842e+00     0
 1280 2.457794e+00     0
 1281 2.457746e+00     0
 1282 2.457698e+00     0
 1283 2.457650e+00     0
 1284 2.457602e+00     0
 1285 2.457555e+00     0
 1286 2.457508e+00     0
 1287 2.457460e+00     0
 1288 2.457413e+00     0
 1289 2.457366e+00     0
 1290 2.457319e+00     0
 1291 2.457272e+00     0
 1292 2.457226e+00     0
 1293 2.457179e+00     0
 1294 2.457133e+00     0
 1295 2.457086e+00     0
 1296 2.457040e+00     0
 1297 2.456994e+00     0
 1298 2.456948e+00     0
 1299 2.456902e+00     0
 1300 2.456857e+00     0
 1301 2.456811e+00     0
 1302 2.456766e+00     0
 1303 2.456720e+00     0
 1304 2.456675e+00     0
 1305 2.456630e+00     0
 1306 2.456585e+00     0
 1307 2.456540e+00     0
 1308 2.456495e+00     0
 1309 2.456450e+00     0
 1310 2.456406e+00     0
 1311 2.456361e+00     0
 1312 2.456317e+00     0
 1313 2.456272e+00     0
 1314 2.456228e+00     0
 1315 2.456184e+00     0
 1316 2.456140e+00     0
 1317 2.456096e+00     0
 1318 2.456053e+00     0
 1319 2.456009e+00     0
 1320 2.455965e+00     0
 1321 2.455922e+00     0
 1322 2.455879e+00     0
 1323 2.455836e+00     0
 1324 2.455792e+00     0
 1325 2.455749e+00     0
 1326 2.455707e+00     0
 1327 2.455664e+00     0
 1328 2.455621e+00     0
 1329 2.455579e+00     0
 1330 2.455536e+00     0
 1331 2.455494e+00     0
 1332 2.455451e+00     0
 1333 2.455409e+00     0
 1334 2.455367e+00     0
 1335 2.455325e+00     0
 1336 2.455284e+00     0
 1337 2.455242e+00     0
 1338 2.455200e+00     0
 1339 2.455159e+00     0
 1340 2.455117e+00     0
 1341 2.455076e+00     0
 1342 2.455035e+00     0
 1343 2.454993e+00     0
 1344 2.454952e+00     0
 1345 2.454911e+00     0
 1346 2.454871e+00     0
 1347 2.454830e+00     0
 1348 2.454789e+00     0
 1349 2.454749e+00     0
 1350 2.454708e+00     0
 1351 2.454668e+00     0
 1352 2.454628e+00     0
 1353 2.454587e+00     0
 1354 2.454547e+00     0
 1355 2.454507e+00     0
 1356 2.454467e+00     0
 1357 2.454428e+00     0
 1358 2.454388e+00     0
 1359 2.454348e+00     0
 1360 2.454309e+00     0
 1361 2.454270e+00     0
 1362 2.454230e+00     0
 1363 2.454191e+00     0
 1364 2.454152e+00     0
 1365 2.454113e+00     0
 1366 2.454074e+00     0
 1367 2.454035e+00     0
 1368 2.453996e+00     0
 1369 2.453958e+00     0
 1370 2.453919e+00     0
 1371 2.453881e+00     0
 1372 2.453842e+00     0
 1373 2.453804e+00     0
 1374 2.453766e+00     0
 1375 2.453728e+00     0
 1376 2.453690e+00     0
 1377 2.453652e+00     0
 1378 2.453614e+00     0
 1379 2.453576e+00     0
 1380 2.453538e+00     0
 1381 2.453501e+00     0
 1382 2.453463e+00     0
 1383 2.453426e+00     0
 1384 2.453389e+00     0
 1385 2.453351e+00     0
 1386 2.453314e+00     0
 1387 2.453277e+00     0
 1388 2.453240e+00     0
 1389 2.453203e+00     0
 1390 2.453166e+00     0
 1391 2.453130e+00     0
 1392 2.453093e+00     0
 1393 2.453056e+00     0
 1394 2.453020e+00     0
 1395 2.452984e+00     0
 1396 2.452947e+00     0
 1397 2.452911e+00     0
 1398 2.452875e+00     0
 1399 2.452839e+00     0
 1400 2.452803e+00     0
 1401 2.452767e+00     0
 1402 2.452731e+00     0
 1403 2.452696e+00     0
 1404 2.452660e+00     0
 1405 2.452624e+00     0
 1406 2.452589e+00     0
 1407 2.452554e+00     0
 1408 2.452518e+00     0
 1409 2.452483e+00     0
 1410 2.452448e+00     0
 1411 2.452413e+00     0
 1412 2.452378e+00     0
 1413 2.452343e+00     0
 1414 2.452308e+00     0
 1415 2.452273e+00     0
 1416 2.452239e+00     0
 1417 2.452204e+00     0
 1418 2.452170e+00     0
 1419 2.452135e+00     0
 1420 2.452101e+00     0
 1421 2.452066e+00     0
 1422 2.452032e+00     0
 1423 2.451998e+00     0
 1424 2.451964e+00     0
 1425 2.451930e+00     0
 1426 2.451896e+00     0
 1427 2.451862e+00     0
 1428 2.451829e+00     0
 1429 2.451795e+00     0
 1430 2.451761e+00     0
 1431 2.451728e+00     0
 1432 2.451694e+00     0
 1433 2.451661e+00     0
 1434 2.451628e+00     0
 1435 2.451595e+00     0
 1436 2.451561e+00     0
 1437 2.451528e+00     0
 1438 2.451495e+00     0
 1439 2.451462e+00     0
 1440 2.451430e+00     0
 1441 2.451397e+00     0
 1442 2.451364e+00     0
 1443 2.451332e+00     0
 1444 2.451299e+00     0
 1445 2.451267e+00     0
 1446 2.451234e+00     0
 1447 2.451202e+00     0
 1448 2.451169e+00     0
 1449 2.451137e+00     0
 1450 2.451105e+00     0
 1451 2.451073e+00     0
 1452 2.451041e+00     0
 1453 2.451009e+00     0
 1454 2.450977e+00     0
 1455 2.450946e+00     0
 1456 2.450914e+00     0
 1457 2.450882e+00     0
 1458 2.450851e+00     0
 1459 2.450819e+00     0
 1460 2.450788e+00     0
 1461 2.450756e+00     0
 1462 2.450725e+00     0
 1463 2.450694e+00     0
 1464 2.450663e+00     0
 1465 2.450632e+00     0
 1466 2.450601e+00     0
 1467 2.450570e+00     0
 1468 2.450539e+00     0
 1469 2.450508e+00     0
 1470 2.450477e+00     0
 1471 2.450447e+00     0
 1472 2.450416e+00     0
 1473 2.450385e+00     0
 1474 2.450355e+00     0
 1475 2.450325e+00     0
 1476 2.450294e+00     0
 1477 2.450264e+00     0
 1478 2.450234e+00     0
 1479 2.450204e+00     0
 1480 2.450174e+00     0
 1481 2.450144e+00     0
 1482 2.450114e+00     0
 1483 2.450084e+00     0
 1484 2.450054e+00     0
 1485 2.450024e+00     0
 1486 2.449994e+00     0
 1487 2.449965e+00     0
 1488 2.449935e+00     0
 1489 2.449906e+00     0
 1490 2.449876e+00     0
 1491 2.449847e+00     0
 1492 2.449818e+00     0
 1493 2.449788e+00     0
 1494 2.449759e+00     0
 1495 2.449730e+00     0
 1496 2.449701e+00     0
 1497 2.449672e+00     0
 1498 2.449643e+00     0
 1499 2.449614e+00     0
 1500 2.449585e+00     0
 1501 2.449557e+00     0
 1502 2.449528e+00     0
 1503 2.449499e+00     0
 1504 2.449471e+00     0
 1505 2.449442e+00     0
 1506 2.449414e+00     0
 1507 2.449385e+00     0
 1508 2.449357e+00     0
 1509 2.449329e+00     0
 1510 2.449300e+00     0
 1511 2.449272e+00     0
 1512 2.449244e+00     0
 1513 2.449216e+00     0
 1514 2.449188e+00     0
 1515 2.449160e+00     0
 1516 2.449132e+00     0
 1517 2.449105e+00     0
 1518 2.449077e+00     0
 1519 2.449049e+00     0
 1520 2.449022e+00     0
 1521 2.448994e+00     0
 1522 2.448966e+00     0
 1523 2.448939e+00     0
 1524 2.448912e+00     0
 1525 2.448884e+00     0
 1526 2.448857e+00     0
 1527 2.448830e+00     0
 1528 2.448803e+00     0
 1529 2.448775e+00     0
 1530 2.448748e+00     0
 1531 2.448721e+00     0
 1532 2.448694e+00     0
 1533 2.448668e+00     0
 1534 2.448641e+00     0
 1535 2.448614e+00     0
 1536 2.448587e+00     0
 1537 2.448561e+00     0
 1538 2.448534e+00     0
 1539 2.448507e+00     0
 1540 2.448481e+00     0
 1541 2.448454e+00     0
 1542 2.448428e+00     0
 1543 2.448402e+00     0
 1544 2.448375e+00     0
 1545 2.448349e+00     0
 1546 2.448323e+00     0
 1547 2.448297e+00     0
 1548 2.448271e+00     0
 1549 2.448245e+00     0
 1550 2.448219e+00     0
 1551 2.448193e+00     0
 1552 2.448167e+00     0
 1553 2.448141e+00     0
 1554 2.448116e+00     0
 1555 2.448090e+00     0
 1556 2.448064e+00     0
 1557 2.448039e+00     0
 1558 2.448013e+00     0
 1559 2.447988e+00     0
 1560 2.447962e+00     0
 1561 2.447937e+00     0
 1562 2.447912e+00     0
 1563 2.447886e+00     0
 1564 2.447861e+00     0
 1565 2.447836e+00     0
 1566 2.447811e+00     0
 1567 2.447786e+00     0
 1568 2.447761e+00     0
 1569 2.447736e+00     0
 1570 2.447711e+00     0
 1571 2.447686e+00     0
 1572 2.447661e+00     0
 1573 2.447636e+00     0
 1574 2.447612e+00     0
 1575 2.447587e+00     0
 1576 2.447562e+00     0
 1577 2.447538e+00     0
 1578 2.447513e+00     0
 1579 2.447489e+00     0
 1580 2.447464e+00     0
 1581 2.447440e+00     0
 1582 2.447416e+00     0
 1583 2.447391e+00     0
 1584 2.447367e+00     0
 1585 2.447343e+00     0
 1586 2.447319e+00     0
 1587 2.447295e+00     0
 1588 2.447271e+00     0
 1589 2.447247e+00     0
 1590 2.447223e+00     0
 1591 2.447199e+00     0
 1592 2.447175e+00     0
 1593 2.447151e+00     0
 1594 2.447127e+00     0
 1595 2.447104e+00     0
 1596 2.447080e+00     0
 1597 2.447056e+00     0
 1598 2.447033e+00     0
 1599 2.447009e+00     0
 1600 2.446986e+00     0
 1601 2.446962e+00     0
 1602 2.446939e+00     0
 1603 2.446916e+00     0
 1604 2.446893e+00     0
 1605 2.446869e+00     0
 1606 2.446846e+00     0
 1607 2.446823e+00     0
 1608 2.446800e+00     0
 1609 2.446777e+00     0
 1610 2.446754e+00     0
 1611 2.446731e+00     0
 1612 2.446708e+00     0
 1613 2.446685e+00     0
 1614 2.446662e+00     0
 1615 2.446639e+00     0
 1616 2.446617e+00     0
 1617 2.446594e+00     0
 1618 2.446571e+00     0
 1619 2.446549e+00     0
 1620 2.446526e+00     0
 1621 2.446504e+00     0
 1622 2.446481e+00     0
 1623 2.446459e+00     0
 1624 2.446436e+00     0
 1625 2.446414e+00     0
 1626 2.446392e+00     0
 1627 2.446369e+00     0
 1628 2.446347e+00     0
 1629 2.446325e+00     0
 1630 2.446303e+00     0
 1631 2.446281e+00     0
 1632 2.446259e+00     0
 1633 2.446237e+00     0
 1634 2.446215e+00     0
 1635 2.446193e+00     0
 1636 2.446171e+00     0
 1637 2.446149e+00     0
 1638 2.446127e+00     0
 1639 2.446106e+00     0
 1640 2.446084e+00     0
 1641 2.446062e+00     0
 1642 2.446041e+00     0
 1643 2.446019e+00     0
 1644 2.445998e+00     0
 1645 2.445976e+00     0
 1646 2.445955e+00     0
 1647 2.445933e+00     0
 1648 2.445912e+00     0
 1649 2.445891e+00     0
 1650 2.445869e+00     0
 1651 2.445848e+00     0
 1652 2.445827e+00     0
 1653 2.445806e+00     0
 1654 2.445784e+00     0
 1655 2.445763e+00     0
 1656 2.445742e+00     0
 1657 2.445721e+00     0
 1658 2.445700e+00     0
 1659 2.445679e+00     0
 1660 2.445659e+00     0
 1661 2.445638e+00     0
 1662 2.445617e+00     0
 1663 2.445596e+00     0
 1664 2.445575e+00     0
 1665 2.445555e+00     0
 1666 2.445534e+00     0
 1667 2.445513e+00     0
 1668 2.445493e+00     0
 1669 2.445472e+00     0
 1670 2.445452e+00     0
 1671 2.445431e+00     0
 1672 2.445411e+00     0
 1673 2.445391e+00     0
 1674 2.445370e+00     0
 1675 2.445350e+00     0
 1676 2.445330e+00     0
 1677 2.445309e+00     0
 1678 2.445289e+00     0
 1679 2.445269e+00     0
 1680 2.445249e+00     0
 1681 2.445229e+00     0
 1682 2.445209e+00     0
 1683 2.445189e+00     0
 1684 2.445169e+00     0
 1685 2.445149e+00     0
 1686 2.445129e+00     0
 1687 2.445109e+00     0
 1688 2.445089e+00     0
 1689 2.445070e+00     0
 1690 2.445050e+00     0
 1691 2.445030e+00     0
 1692 2.445011e+00     0
 1693 2.444991e+00     0
 1694 2.444971e+00     0
 1695 2.444952e+00     0
 1696 2.444932e+00     0
 1697 2.444913e+00     0
 1698 2.444893e+00     0
 1699 2.444874e+00     0
 1700 2.444855e+00     0
 1701 2.444835e+00     0
 1702 2.444816e+00     0
 1703 2.444797e+00     0
 1704 2.444777e+00     0
 1705 2.444758e+00     0
 1706 2.444739e+00     0
 1707 2.444720e+00     0
 1708 2.444701e+00     0
 1709 2.444682e+00     0
 1710 2.444663e+00     0
 1711 2.444644e+00     0
 1712 2.444625e+00     0
 1713 2.444606e+00     0
 1714 2.444587e+00     0
 1715 2.444568e+00     0
 1716 2.444549e+00     0
 1717 2.444531e+00     0
 1718 2.444512e+00     0
 1719 2.444493e+00     0
 1720 2.444474e+00     0
 1721 2.444456e+00     0
 1722 2.444437e+00     0
 1723 2.444419e+00     0
 1724 2.444400e+00     0
 1725 2.444382e+00     0
 1726 2.444363e+00     0
 1727 2.444345e+00     0
 1728 2.444326e+00     0
 1729 2.444308e+00     0
 1730 2.444290e+00     0
 1731 2.444271e+00     0
 1732 2.444253e+00     0
 1733 2.444235e+00     0
 1734 2.444216e+00     0
 1735 2.444198e+00     0
 1736 2.444180e+00     0
 1737 2.444162e+00     0
 1738 2.444144e+00     0
 1739 2.444126e+00     0
 1740 2.444108e+00     0
 1741 2.444090e+00     0
 1742 2.444072e+00     0
 1743 2.444054e+00     0
 1744 2.444036e+00     0
 1745 2.444018e+00     0
 1746 2.444001e+00     0
 1747 2.443983e+00     0
 1748 2.443965e+00     0
 1749 2.443947e+00     0
 1750 2.443930e+00     0
