85.594
83.945
88.483
68.371
35.664
88.006
86.688
88.406
42.596
68.645
86.857
74.092
76.556
43.852
62.121
84.096
61.038
82.592
88.317
88.218
78.608
30.398
65.332
70.163
82.963
66.968
85.639
79.71
54.142
37.564
74.497
81.194
83.429
58.162
86.066
54.322
47.941
30.943
83.58
86.063
50.29
64.525
54.727
56.139
51.024
79.527
53.139
61.132
48.135
74.697
56.731
68.129
82.707
68.871
25.041
73.982
37.486
49.548
82.713
75.481
80.116
73.891
74.148
82.001
58.974
36.55
55.878
43.522
77.543
57.536
57.744
81.984
27.125
26.135
55.072
23.556
76.168
27.004
56.472
88.722
49.298
71.285
67.761
66.435
45.922
78.282
83.218
80.481
36.535
69.16
73.449
33.079
73.806
79.338
67.281
27.568
75.524
84.873
80.327
45.218
65.489
60.067
30.78
79.024
45.661
59.838
76.251
42.335
80.171
28.498
21.944
81.012
80.55
21.344
11.191
88.74
88.952
47.805
33.74
75.945
63.838
22.589
8.8068
74.524
51.005
61.025
16.522
82.873
4.9507
47.153
76.856
28.515
79.639
76.173
45.968
76.925
76.383
77.545
79.858
9.8079
51.414
86.068
84.723
74.151
46.156
8.2583
34.63
62.47
77.787
86.212
52.497
75.365
75.025
58.206
62.084
83.331
49.151
55.878
71.295
36.07
45.746
63.887
43.947
72.338
80.497
88.723
18.439
82.136
29.206
89.692
13.689
43.148
71.922
79.462
26.902
17.934
76.995
31.642
65.489
26.913
23.674
33.482
72.394
23.053
78.654
87.575
27.275
32.902
82.486
50.855
62.121
52.716
74.055
64.246
63.696
70.517
27.457
56.848
83.633
86.427
72.264
79.833
65.543
85.094
88.607
34.998
87.806
83.726
17.582
35.7
80.058
81.314
2.2124
81.776
84.724
74.681
76.447
84.117
39.844
77.174
56.296
33.666
39.121
67.101
53.238
85.144
18.052
21.9
27.381
80.379
67.05
56.631
81.793
76.303
84.335
86.883
38.893
42.618
69.922
80.34
24.758
60.205
45.869
74.087
54.706
88.018
11.527
86.614
13.038
47.583
51.37
63.583
48.452
39.319
31.414
18.705
54.576
12.254
64.735
39.319
74.619
76.518
60.882
74.759
38.669
73.336
57.703
47.038
78.215
89.149
84.547
4.9593
74.768
60.998
32.802
79.55
19.172
48.445
17.978
22.32
76.644
3.1195
86.953
78.78
35.249
75.097
45.78
23.934
75.729
88.073
85.025
6.6717
82.02
40.303
31.468
34.147
78.559
57.204
78.308
39.086
17.979
65.833
67.117
40.978
81.032
29.948
41.027
37.369
67.304
12.435
76.674
36.854
88.718
81.011
45.736
22.171
88.546
13.04
88.387
88.969
88.893
87.641
86.284
83.878
89.482
51.973
84.152
50.103
77.335
28.85
81.923
66.66
87.811
83.866
12.551
71.875
35.803
28.331
68.144
7.3348
39.983
69.564
26.595
39.444
34.342
8.132
55.745
52.303
12.572
84.391
29.737
88.873
24.082
66.488
27.605
36.089
72.031
9.4937
43.543
56.063
57.714
4.2412
59.932
26.219
67.645
35.774
37.839
62.567
7.0856
29.494
66.41
49.269
63.131
71.007
10.987
86.568
88.838
89.32
3.8711
89.397
88.821
49.958
38.012
86.261
24.656
81.33
40.083
30.024
79.555
80.994
70.021
67.334
30.361
10.899
30.041
11.551
27.693
24.056
34.138
61.811
86.063
49.834
69.155
46.12
68.899
75.748
84.746
77.222
43.012
53.087
39.985
38.091
74.435
8.3558
85.727
84.071
73.67
86.068
41.165
19.235
58.813
43.244
45.035
63.842
62.791
85.199
81.306
28.873
68.841
34.326
85.892
67.491
18.742
73.254
77.635
11.415
88.931
89.776
89.717
89.984
89.861
89.347
59.67
86.696
43.323
56.14
88.137
75.984
60.758
0
