85.626
50.907
83.184
79.661
42.774
45.858
85.667
83.805
69.449
34.538
81.137
53.727
64.191
51.404
33.426
64.906
46.721
55.648
83.768
84.897
52.491
29.406
64.284
59.906
57.581
47.943
84.109
60.025
53.953
38.03
74.389
87.333
76.285
37.083
65.184
21.722
47.669
30.561
80.518
73.73
68.585
79.183
54.255
19.64
34.442
68.278
55.998
75.474
48.372
75.499
52.748
75.484
73.077
48.059
16.728
58.714
51.935
51.109
86.868
68.176
78.566
55.38
72.605
66.824
66.102
20.009
81.801
48.298
87.517
63.096
68.298
88.494
31.684
19.507
35.905
27.248
75.271
28.341
50.39
89.87
48.106
73.586
65.367
66.289
43.635
74.702
82.259
76.78
24.624
65.155
72.114
35.781
72.599
81.376
73.283
24.286
74.362
83.654
78.216
42.043
72.216
72.204
26.558
69.87
58.009
58.462
66.639
32.428
78.553
35.862
25.665
79.075
74.438
47.747
12.79
88.657
86.413
40.789
45.735
75.327
59.402
19.126
16.14
77.318
45.283
69.672
22.308
81.467
9.7625
54.506
75.448
25.208
78.21
77.52
78.793
78.615
74.74
78.289
82.828
9.0367
53.008
84.314
82.694
69.61
50.931
7.8954
34.209
61.86
81.351
80.818
56.541
80.882
74.46
55.272
61.478
84.912
47.896
54.465
66.19
38.764
46.569
62.685
45.727
71.363
78.296
86.95
19.476
76.557
30.232
89.426
16.26
44.972
72.5
72.937
28.271
16.881
73.289
21.946
69.524
23.892
25.59
27.231
71.585
21.242
75.489
86.471
25.684
71.319
84.493
40.663
60.589
55.761
75.224
63.927
61.468
70.217
29.739
55.039
83.174
87.256
76.014
84.082
64.435
85.447
89.368
35.851
83.047
85.404
13.774
39.704
71.261
78.667
3.6069
82.026
86.609
71.112
83.73
83.61
46.446
70.388
51.56
31.451
41.666
66.118
49.914
79.768
24.749
22.157
27.354
79.697
69.241
60.756
82.203
73.665
85.459
86.017
31.546
50.27
72.093
75.309
35.435
50.305
47.187
74.823
57.386
89.762
14.081
83.389
12.83
48.274
50.168
63.456
48.888
39.834
31.625
15.063
55.57
13.127
60.549
40.812
74.366
76.094
59.045
79.164
35.675
76.777
56.206
34.778
72.353
84.059
83.185
6.3399
76.925
62.453
22.176
81.261
13.298
64.696
19.406
37.8
74.25
1.6631
87.482
78.532
32.861
80.007
30.64
23.81
77.573
86.557
84.292
8.2429
81.743
38.472
29.997
33.226
78.836
55.991
81.711
35.745
14.029
65.274
66.794
40.327
81.039
30.055
44.761
35.469
67.72
14.198
76.894
37.631
88.071
81.298
45.416
21.877
88.671
10.058
88.591
89.065
87.845
86.715
86.745
83.817
89.466
51.503
84.516
50.686
77.552
27.485
80.936
67.146
87.907
66.479
14.367
72.306
35.361
28.357
70.695
3.1773
41.738
71.019
26.408
40.295
33.965
8.8415
54.666
52.908
12.954
84.466
28.519
88.165
23.685
51.568
29.5
48.85
80.377
11.254
48.73
53.649
56.786
4.2907
59.906
27.765
67.487
35.257
38.692
54.634
12.826
30.7
67.621
49.225
62.35
70.216
12.052
86.895
88.884
88.965
3.5056
86.424
88.363
47.892
39.87
82.453
27.305
80.374
38.844
28.195
82.021
80.566
69.414
67.719
30.421
10.91
30.462
11.457
27.85
24.183
34.424
62.143
88.421
45.177
46.255
5.7521
83.977
73.745
81.408
77.383
44.541
53.26
39.437
36.65
74.586
7.9962
85.753
83.897
73.718
86.063
41.051
20.052
58.805
43.338
44.882
63.843
62.552
85.678
81.549
28.748
68.988
34.183
85.945
67.424
18.532
73.423
77.706
11.136
89.034
89.784
89.713
89.98
89.862
89.343
59.465
86.656
43.281
55.927
88.153
76.003
60.957
0
