25.893
42.922
25.354
34.553
34.499
9.311
48.799
18.127
44.837
44.286
52.944
19.139
41.697
34.155
33.951
32.532
40.801
51.788
34.906
19.632
29.388
30.708
32.845
39.868
43.668
54.598
34.666
21.363
21.273
15.106
12.28
9.9061
15.814
26.36
27.341
46.915
19.787
15.459
18.458
13.133
18.432
81.91
73.392
31.181
23.84
23.651
20.113
9.4622
19.026
16.836
20.597
23.269
11.474
41.4
19.776
24.347
16.026
30.922
22.2
24.329
10.873
21.603
21.191
12.745
19.217
29.189
26.657
23.656
12.534
24.048
37.852
6.2978
17.638
14.637
12.932
18.001
17.314
6.8361
7.3221
8.292
5.6581
8.55
6.1068
6.5861
6.236
9.7761
9.5978
9.3657
9.4158
9.9595
7.3569
6.9125
11.721
7.5053
22.124
4.6879
5.0274
5.2333
19.516
19.822
15.484
25.567
12.415
10.958
21.656
8.191
13.974
8.4067
7.9455
15.697
18.111
8.5747
43.09
28.07
8.1554
6.2944
2.5564
13.619
9.482
9.833
6.1949
15.055
10.02
7.3432
5.5187
5.6464
7.2694
7.8672
7.6153
6.7991
8.6178
5.0897
4.7862
78.552
75.16
3.9243
3.7536
4.1586
4.8492
3.1989
3.1338
3.7394
2.6495
5.7721
9.726
4.6392
4.2892
3.8669
3.4533
2.8865
7.435
5.4862
4.147
3.4565
3.2139
3.5116
2.5642
2.7107
2.2466
4.9221
5.0086
4.7926
3.633
3.2552
3.0327
4.6949
4.3331
5.2963
3.8673
2.2463
3.5971
1.4183
5.1458
5.2679
6.5971
4.5339
5.2658
3.9014
8.3402
8.6193
5.2728
4.5275
4.4952
2.914
3.044
3.5575
3.3106
7.5762
33.274
10.079
2.9398
2.2908
4.952
3.6716
3.0653
2.0148
3.1225
2.9582
1.6301
1.4025
3.1558
3.6887
2.8853
2.0155
2.179
3.9931
3.5508
5.1449
11.075
13.737
16.942
3.8878
2.4391
1.5321
2.3159
3.752
3.0544
6.787
4.6046
3.4234
6.7966
3.4315
1.5221
2.1025
3.6311
3.3962
8.127
1.1828
1.0387
1.0151
1.6369
3.5644
1.7532
1.8239
2.7539
1.8642
8.831
2.8844
7.9426
4.707
21.022
21.927
2.187
2.2901
2.0023
2.8655
2.7667
1.7237
4.9449
5.1276
2.5131
2.596
2.4429
3.0958
3.178
6.0336
3.8343
2.8992
3.9415
4.9395
4.232
1.4711
1.802
1.9927
7.9553
2.9696
5.5352
2.873
15.216
6.7243
10.485
2.4588
3.0763
6.2722
13.392
5.0444
2.1767
11.998
13.066
14.628
8.993
2.0897
1.8522
1.2881
3.0714
3.215
6.7908
10.616
7.6459
1.7247
1.7819
4.0297
1.8524
2.1068
2.3709
1.0011
0.9685
3.3681
4.3611
2.6728
5.4451
3.1753
1.0072
1.9983
2.2799
2.2045
1.1332
3.6243
1.0401
0.67307
2.1456
1.0223
0.91928
1.0293
0.59802
0.71016
0.53454
3.3602
0.54862
0.55759
1.0715
1.647
0.72045
0.53154
0.83852
0.55927
0.87775
0.36382
0.75212
0.57041
1.4357
1.1864
0.81128
19.49
12.391
0.70735
1.0816
2.8664
2.8586
1.2371
3.0601
1.5123
1.3649
1.395
0.36302
0.73434
0.23682
1.2304
0.4386
0.52269
0.85853
0.85481
23.99
25.514
15.809
38.993
26.249
4.5578
3.6345
4.4284
1.9925
0.87572
0.70163
1.2613
2.3094
1.3068
1.2266
2.9884
5.1303
5.6001
3.204
0.56837
0.73726
0.86218
0.9545
0.41691
0.12872
0.41921
2.7957
4.4685
0.86117
0.90347
2.2409
4.0663
0.31152
2.825
0.68132
3.8772
2.1224
0.88817
1.3281
0.71164
0.26759
0.37393
0.36663
0.39872
0.32201
0.44964
0.48066
0.37717
0.68356
49.999
40.015
20.372
20.1
3.5633
3.9196
0.49374
0.28095
1.931
1.8067
1.2769
0.68626
0.57408
0.32124
0.41971
0.33009
0.30255
0.31574
0.14953
0.80275
0.1559
0.22532
0.25927
0.28879
0.47231
0.1409
0.33186
0.24542
0.24315
0.22347
0.19848
0.22141
0.24846
0.22157
0.16325
0.18892
0.12061
0.063057
0.058452
0.043302
0.049808
0.092145
0.12131
0.21228
0.22926
0.06542
0.05597
0.11698
0.095175
